 1    0.00  25.00  50.00  75.00 100.00 125.00 150.00 175.00 200.00 225.00
 1    0.40   0.20  -0.50  -1.50   0.20   0.60   1.50   0.30   1.00   0.70
         0      0      0      0      0      0      0      0      0      0
 1  250.00 275.00 300.00
 0    0.00   0.50   0.50
         0      0      0
 1    0.00 150.00 300.00
 0    5.69   4.98   5.72
         1      1      1
 1    0.00 150.00 300.00
 0    6.03   5.65   6.15
         1      1      1
 2  300.00
 0   10.00
         0
 2  300.00
 0    0.00
         0
 2    0.00 150.00 300.00
 0    5.90   5.83   6.63
         1      1      1
 3    0.00 100.00 200.00 300.00
 0   31.14  20.73  21.97  24.09
         1      1      1      1
 3  300.00
 0    6.64
         1
 3  300.00
 0    6.82
        -1
 4    0.00 150.00 300.00
 0   23.91  34.02  28.84
         1      1      1
 4  300.00
 0    7.50
         0
 4  300.00
 0    0.00
         0
 5    0.00 150.00 300.00
 0   25.91  36.02  30.84
        -1     -1     -1
 5  300.00
 0    7.96
         1
 5  300.00
 0    0.00
         0
 6  300.00
 0   40.00