 1    0.000  23.000
 0    0.000   0.000
          0       0
 1    0.000  23.000
 0    1.485   1.485
          0       0
 1    0.000  23.000
 0    1.485   1.485
          0       0
 2    0.000   0.940   1.450   2.440   2.660   6.330   6.800   6.970   7.270   7.700
 1    2.550   2.560   2.570   2.570   2.590   2.580   2.560   2.553   2.540   2.350
          1       1       1       1       1       1       1       1       1       1
 2    8.350   9.570  10.940  11.531  11.910  12.080  12.573  13.113  14.718  15.932
 1    2.180   2.130   2.110   2.122   2.120   2.127   2.145   2.157   2.208   2.246
          1       1       1       0       1       0       0       0       1       1
 2   16.060  17.423  17.930  18.960  20.470  21.210  23.000
 0    2.250   2.359   2.400   2.490   2.480   2.440   2.410
          1       1       1       1       1       1       1
 2    0.000   8.010  13.000  18.000  23.000
 0    1.500   1.500   1.500   1.500   1.500
          0       0       0       0       0
 2    0.000   8.010  13.000  18.000  23.000
 0    1.520   1.520   1.520   1.520   1.520
          0       0       0       0       0
 3    0.000  13.000  23.000
 0    3.000   3.000   3.000
