 1    0.00   1.00   2.00   3.00   4.00   5.00   6.00   7.00   8.00   9.00
 1    0.25   0.45   0.50   0.45   0.25   0.10   0.20   0.00   0.15   0.15
         0      0      0      0      0      0      0      0      0      0
 1   10.00
 0    0.35
         0
 1   10.00
 0    1.00
         0
 1   10.00
 0    0.00
         0
 2    0.00   1.00   2.00   3.00   4.00   5.00   6.00   7.00   8.00   9.00
 1    0.26   0.46   0.51   0.46   0.26   0.11   0.21   0.01   0.16   0.16
         0      0      0      0      0      0      0      0      0      0
 2   10.00
 0    0.36
         0
 2    0.00   1.00   2.00   3.00   4.00   5.00   6.00   7.00   8.00   9.00
 1    1.82   1.87   1.89   1.99   2.05   2.01   2.11   2.25   2.32   2.39
         1      1      1      1      1      1      1      1      1      1
 2   10.00
 0    2.28
         1
 2   10.00
 0    0.00
         0
 3    0.00   1.00   2.00   3.00   4.00   5.00   6.00   7.00   8.00   9.00
 1    0.70   0.59   0.70   0.65   0.62   0.58   0.61   0.49   0.60   0.62
         1      1      1      1      1      1      1      1      1      1
 3   10.00
 0    0.77
         1
 3    0.00   1.00   2.00   3.00   4.00   5.00   6.00   7.00   8.00   9.00
 1    2.94   3.13   3.32   3.06   2.85   2.79   2.51   2.56   2.83   2.94
         1      1      1      1      1      1      1      1      1      1
 3   10.00
 0    2.77
         1
 3   10.00
 0    0.00
         0
 4   10.00
 0    1.00