 1    0.00  25.00  50.00  75.00 100.00 125.00 150.00 175.00 200.00 225.00
 1    0.40   0.20  -0.50  -1.50   0.20   0.60   1.50   0.30   1.00   0.70
         0      0      0      0      0      0      0      0      0      0
 1  250.00 275.00 300.00
 0    0.00   0.50   0.50
         0      0      0
 1    0.00 150.00 300.00
 0    5.61   4.74   5.66
         1      1      1
 1    0.00 150.00 300.00
 0    6.30   5.28   6.29
         1      1      1
 2  300.00
 0   10.00
         0
 2  300.00
 0    0.00
         0
 2    0.00 150.00 300.00
 0    7.00   6.01   6.89
         1      1      1
 3    0.00 100.00 200.00 300.00
 0   17.16  19.37  22.96  20.41
         1      1      1      1
 3  300.00
 0    6.75
         1
 3  300.00
 0    7.35
        -1
 4    0.00 150.00 300.00
 0   31.11  30.15  36.74
         1      1      1
 4  300.00
 0    7.50
         0
 4  300.00
 0    0.00
         0
 5    0.00 150.00 300.00
 0   33.11  32.15  38.74
        -1     -1     -1
 5  300.00
 0    7.83
         1
 5  300.00
 0    0.00
         0
 6  300.00
 0   40.00