 1    0.00   1.00   2.00   3.00   4.00   5.00   6.00   7.00   8.00   9.00
 1    0.25   0.45   0.50   0.45   0.25   0.10   0.20   0.00   0.15   0.15
         0      0      0      0      0      0      0      0      0      0
 1   10.00
 0    0.35
         0
 1   10.00
 0    1.00
         0
 1   10.00
 0    0.00
         0
 2    0.00   1.00   2.00   3.00   4.00   5.00   6.00   7.00   8.00   9.00
 1    0.26   0.46   0.51   0.46   0.26   0.11   0.21   0.01   0.16   0.16
         0      0      0      0      0      0      0      0      0      0
 2   10.00
 0    0.36
         0
 2    0.00   1.00   2.00   3.00   4.00   5.00   6.00   7.00   8.00   9.00
 1    1.82   1.87   1.87   2.00   2.07   1.98   2.10   2.26   2.31   2.43
         1      1      1      1      1      1      1      1      1      1
 2   10.00
 0    2.25
         1
 2   10.00
 0    0.00
         0
 3    0.00   1.00   2.00   3.00   4.00   5.00   6.00   7.00   8.00   9.00
 1    0.71   0.60   0.70   0.65   0.64   0.57   0.60   0.49   0.61   0.64
         1      1      1      1      1      1      1      1      1      1
 3   10.00
 0    0.73
         1
 3    0.00   1.00   2.00   3.00   4.00   5.00   6.00   7.00   8.00   9.00
 1    3.05   3.17   3.32   3.06   2.85   2.78   2.51   2.51   2.86   2.94
         1      1      1      1      1      1      1      1      1      1
 3   10.00
 0    2.76
         1
 3   10.00
 0    0.00
         0
 4   10.00
 0    1.00