    11.530    -1.000     0.000         0
     6.476     3.673     0.010         2
     6.495     3.661     0.010         2
     6.513     3.650     0.010         2
     6.532     3.640     0.010         2
     6.552     3.629     0.010         2
     6.571     3.618     0.010         2
     6.590     3.607     0.010         2
     6.610     3.596     0.010         2
     6.629     3.584     0.010         2
     6.649     3.574     0.010         2
     6.668     3.563     0.010         2
     6.688     3.552     0.010         2
     6.708     3.541     0.010         2
     6.728     3.529     0.010         2
     6.748     3.518     0.010         2
     6.767     3.506     0.010         2
     6.786     3.496     0.010         2
     6.806     3.485     0.010         2
     6.825     3.474     0.010         2
     6.843     3.464     0.010         2
     6.862     3.454     0.010         2
     6.881     3.443     0.010         2
     6.899     3.431     0.010         2
    11.530     1.000     0.000         0
    16.492     3.630     0.010         2
    16.512     3.640     0.010         2
    16.527     3.648     0.010         2
    16.545     3.657     0.010         2
    16.562     3.666     0.010         2
    16.580     3.674     0.010         2
    16.597     3.683     0.010         2
    16.615     3.692     0.010         2
    16.633     3.700     0.010         2
    16.650     3.709     0.010         2
    16.669     3.717     0.010         2
    16.685     3.726     0.010         2
    16.704     3.735     0.010         2
    16.722     3.743     0.010         2
    16.741     3.752     0.010         2
    16.759     3.761     0.010         2
    16.777     3.770     0.010         2
    16.795     3.779     0.010         2
    16.812     3.787     0.010         2
    16.830     3.795     0.010         2
    16.846     3.804     0.010         2
    16.863     3.812     0.010         2
    16.880     3.820     0.010         2
    16.896     3.828     0.010         2
    16.913     3.836     0.010         2
    16.931     3.844     0.010         2
    16.947     3.852     0.010         2
    16.964     3.861     0.010         2
    16.980     3.869     0.010         2
    16.998     3.877     0.010         2
    17.015     3.885     0.010         2    
    11.530    -1.000     0.000         0     
     5.628     4.086     0.010      9990
     5.648     4.077     0.010      9990
     5.667     4.068     0.010      9990
     5.686     4.059     0.010      9990
     5.705     4.050     0.010      9990
     5.724     4.041     0.010      9990
     5.743     4.032     0.010      9990
     5.762     4.023     0.010      9990
     5.780     4.014     0.010      9990
     5.799     4.005     0.010      9990
     5.817     3.997     0.010      9990
     5.836     3.987     0.010      9990
     5.853     3.979     0.010      9990
     5.872     3.970     0.010      9990
     5.890     3.961     0.010      9990
     5.908     3.953     0.010      9990
     5.926     3.945     0.010      9990
     5.945     3.935     0.010      9990
     5.962     3.927     0.010      9990
     5.980     3.919     0.010      9990
     5.996     3.911     0.010      9990
     6.016     3.901     0.010      9990
     6.032     3.894     0.010      9990
     6.053     3.884     0.010      9990
     6.069     3.877     0.010      9990
     6.087     3.868     0.010      9990
     6.106     3.859     0.010      9990
     6.124     3.850     0.010      9990
     6.142     3.842     0.010      9990
     6.160     3.833     0.010      9990
     6.179     3.825     0.010      9990
     6.197     3.816     0.010      9990
     6.215     3.806     0.010      9990
     6.234     3.797     0.010      9990
     6.252     3.788     0.010      9990
     6.271     3.778     0.010      9990
     6.289     3.769     0.010      9990
     6.307     3.760     0.010      9990
     6.325     3.751     0.010      9990
     6.344     3.741     0.010      9990
     6.362     3.733     0.010      9990
     6.381     3.722     0.010      9990
     6.399     3.713     0.010      9990
     6.418     3.704     0.010      9990
     6.437     3.693     0.010      9990
     6.456     3.682     0.010      9990
    11.530     1.000     0.000         0
    17.032     3.893     0.010      9990
    17.049     3.901     0.010      9990
    17.066     3.909     0.010      9990
    17.084     3.917     0.010      9990
    17.101     3.924     0.010      9990
    17.118     3.933     0.010      9990
    17.135     3.941     0.010      9990
    17.152     3.949     0.010      9990
    17.168     3.956     0.010      9990
    17.185     3.964     0.010      9990
    17.202     3.971     0.010      9990
    17.219     3.979     0.010      9990
    17.236     3.987     0.010      9990
    17.253     3.995     0.010      9990
    17.270     4.003     0.010      9990
    17.288     4.011     0.010      9990
    17.305     4.020     0.010      9990
    17.322     4.028     0.010      9990
    17.340     4.036     0.010      9990
    17.357     4.045     0.010      9990
    17.375     4.053     0.010      9990
    17.390     4.061     0.010      9990
    17.407     4.069     0.010      9990
    17.425     4.077     0.010      9990
    17.442     4.086     0.010      9990    
    17.460     4.093     0.010      9990
    17.477     4.099     0.010      9990
    17.495     4.106     0.010      9990
    17.512     4.112     0.010      9990
    17.529     4.119     0.010      9990
    17.546     4.125     0.010      9990
    17.563     4.132     0.010      9990
    17.580     4.139     0.010      9990
    17.598     4.146     0.010      9990
    17.615     4.153     0.010      9990
    17.633     4.160     0.010      9990
    17.651     4.166     0.010      9990
    17.668     4.173     0.010      9990
    17.685     4.180     0.010      9990
    17.702     4.186     0.010      9990
    17.720     4.193     0.010      9990
    17.737     4.200     0.010      9990
    17.755     4.207     0.010      9990
    11.530    -1.000     0.000         0
     4.495     4.620     0.010         5
     4.513     4.612     0.010         5
     4.531     4.605     0.010         5
     4.550     4.597     0.010         5
     4.568     4.590     0.010         5
     4.586     4.582     0.010         5
     4.605     4.575     0.010         5
     4.623     4.566     0.010         5
     4.641     4.559     0.010         5
     4.660     4.551     0.010         5
     4.678     4.542     0.010         5
     4.696     4.534     0.010         5
     4.715     4.525     0.010         5
     4.733     4.516     0.010         5
     4.752     4.507     0.010         5
     4.770     4.499     0.010         5
     4.789     4.491     0.010         5
     4.807     4.482     0.010         5
     4.825     4.473     0.010         5
     4.844     4.464     0.010         5
     4.863     4.455     0.010         5
     4.882     4.447     0.010         5
     4.900     4.438     0.010         5
     4.919     4.429     0.010         5
     4.937     4.420     0.010         5
     4.956     4.411     0.010         5
     4.974     4.403     0.010         5
     4.993     4.394     0.010         5
     5.009     4.387     0.010         5
     5.027     4.378     0.010         5
     5.045     4.369     0.010         5
     5.063     4.361     0.010         5
     5.082     4.353     0.010         5
     5.100     4.344     0.010         5
     5.119     4.335     0.010         5
     5.137     4.326     0.010         5
     5.156     4.318     0.010         5
     5.174     4.310     0.010         5
     5.192     4.301     0.010         5
     5.211     4.292     0.010         5
     5.230     4.283     0.010         5
     5.249     4.274     0.010         5
     5.267     4.266     0.010         5
     5.286     4.257     0.010         5
     5.305     4.247     0.010         5
     5.323     4.238     0.010         5
     5.342     4.229     0.010         5
     5.361     4.220     0.010         5
     5.379     4.210     0.010         5
     5.398     4.201     0.010         5
     5.417     4.191     0.010         5     
     5.436     4.182     0.010         5
     5.455     4.172     0.010         5
     5.474     4.164     0.010         5
     5.494     4.153     0.010         5
     5.512     4.145     0.010         5
     5.532     4.134     0.010         5
     5.552     4.124     0.010         5
     5.570     4.115     0.010         5
     5.590     4.105     0.010         5
     5.610     4.095     0.010         5
    11.530     1.000     0.000         0    
    17.772     4.213     0.010         5
    17.790     4.221     0.010         5
    17.807     4.227     0.010         5
    17.825     4.234     0.010         5    
    17.842     4.241     0.010         5
    17.860     4.248     0.010         5
    17.877     4.255     0.010         5
    17.895     4.262     0.010         5
    17.913     4.269     0.010         5
    17.930     4.276     0.010         5
    17.948     4.283     0.010         5
    17.965     4.290     0.010         5
    17.983     4.297     0.010         5
    18.001     4.304     0.010         5
    18.018     4.310     0.010         5
    18.037     4.317     0.010         5
    18.053     4.324     0.010         5
    18.072     4.331     0.010         5
    18.089     4.338     0.010         5
    18.107     4.345     0.010         5
    18.125     4.353     0.010         5
    18.142     4.359     0.010         5
    18.160     4.367     0.010         5
    18.178     4.373     0.010         5
    18.195     4.380     0.010         5
    18.214     4.388     0.010         5
    18.231     4.394     0.010         5
    18.249     4.402     0.010         5
    18.267     4.409     0.010         5
    18.285     4.416     0.010         5
    18.303     4.424     0.010         5
    18.321     4.432     0.010         5
    18.340     4.439     0.010         5
    18.356     4.445     0.010         5
    18.375     4.453     0.010         5
    18.396     4.463     0.010         5
    18.412     4.468     0.010         5
    18.431     4.476     0.010         5
    18.450     4.484     0.010         5
    18.469     4.492     0.010         5
    18.488     4.500     0.010         5
    18.508     4.508     0.010         5
    18.526     4.516     0.010         5
    18.547     4.525     0.010         5
    18.566     4.534     0.010         5
    18.585     4.542     0.010         5
    18.605     4.549     0.010         5
    18.623     4.556     0.010         5
    18.642     4.564     0.010         5
    18.660     4.571     0.010         5
    18.679     4.578     0.010         5
    18.697     4.584     0.010         5    
    11.530    -1.000     0.000         0
     4.001     4.946     0.015         6
     4.021     4.939     0.015         6
     4.040     4.933     0.015         6
     4.060     4.926     0.015         6
     4.079     4.920     0.015         6
     4.099     4.913     0.015         6
     4.118     4.907     0.015         6
     4.138     4.901     0.015         6
     4.157     4.894     0.015         6
     4.176     4.888     0.015         6
     4.196     4.882     0.015         6
     4.215     4.876     0.015         6
     4.233     4.870     0.015         6
     4.253     4.863     0.015         6
     4.272     4.857     0.015         6
     4.292     4.850     0.015         6
     4.310     4.845     0.015         6
     4.329     4.839     0.015         6
     4.347     4.831     0.015         6
     4.366     4.827     0.015         6
     4.385     4.822     0.015         6
     4.403     4.816     0.015         6
     4.422     4.811     0.015         6
     4.440     4.807     0.015         6
     4.459     4.800     0.015         6
     4.477     4.795     0.015         6
     4.495     4.783     0.015         6
    11.530     1.000     0.000         0
    19.583     4.921     0.015         6
    19.601     4.925     0.015         6
    19.619     4.929     0.015         6
    19.637     4.933     0.015         6
    19.655     4.938     0.015         6
    19.673     4.942     0.015         6
    19.692     4.947     0.015         6
    19.709     4.951     0.015         6
    19.727     4.957     0.015         6
    19.745     4.962     0.015         6
    19.764     4.966     0.015         6
    19.782     4.971     0.015         6
    19.800     4.977     0.015         6
    19.819     4.981     0.015         6
    19.837     4.986     0.015         6
    19.855     4.991     0.015         6
    19.874     4.996     0.015         6
    19.892     5.001     0.015         6
    19.911     5.006     0.015         6
    19.930     5.011     0.015         6
    19.949     5.016     0.015         6
    19.968     5.021     0.015         6
    19.987     5.026     0.015         6
    20.005     5.032     0.015         6
    20.024     5.036     0.015         6
    20.043     5.041     0.015         6
    20.063     5.047     0.015         6
    20.082     5.052     0.015         6
    20.100     5.057     0.015         6
    20.120     5.061     0.015         6
    20.138     5.067     0.015         6
    20.159     5.072     0.015         6
    20.177     5.077     0.015         6
    20.197     5.082     0.015         6
    20.215     5.088     0.015         6
    20.234     5.092     0.015         6
    20.253     5.097     0.015         6
    20.272     5.103     0.015         6
    20.290     5.107     0.015         6
    20.308     5.112     0.015         6
    20.327     5.117     0.015         6
    20.346     5.123     0.015         6
    20.361     5.126     0.015         6
    20.380     5.131     0.015         6
    20.398     5.137     0.015         6
    11.530    -1.000     0.000         0
     2.347     5.371     0.015         1
     2.365     5.365     0.015         1
     2.383     5.360     0.015         1
     2.401     5.358     0.015         1
     2.419     5.352     0.015         1
     2.438     5.346     0.015         1
     2.456     5.344     0.015         1
     2.475     5.338     0.015         1
     2.494     5.333     0.015         1
     2.513     5.330     0.015         1
     2.531     5.325     0.015         1
     2.551     5.319     0.015         1
     2.569     5.313     0.015         1
     2.588     5.310     0.015         1
     2.607     5.305     0.015         1
     2.626     5.299     0.015         1
     2.645     5.296     0.015         1
     2.665     5.290     0.015         1
     2.684     5.284     0.015         1
     2.703     5.282     0.015         1
     2.722     5.276     0.015         1
     2.742     5.270     0.015         1
     2.761     5.264     0.015         1
     2.781     5.262     0.015         1
     2.799     5.256     0.015         1
     2.819     5.249     0.015         1
     2.838     5.247     0.015         1
     2.858     5.241     0.015         1
     2.877     5.235     0.015         1
     2.893     5.234     0.015         1
     2.913     5.228     0.015         1
     2.935     5.221     0.015         1
     2.952     5.215     0.015         1
     2.971     5.213     0.015         1
     2.991     5.207     0.015         1
     3.011     5.201     0.015         1
     3.031     5.198     0.015         1
     3.051     5.192     0.015         1
    11.530     1.000     0.000         0
    20.835     5.235     0.015         1
    20.854     5.238     0.015         1
    20.871     5.242     0.015         1
    20.890     5.245     0.015         1
    20.908     5.248     0.015         1
    20.925     5.252     0.015         1
    20.944     5.255     0.015         1
    20.962     5.259     0.015         1
    20.980     5.262     0.015         1
    20.997     5.266     0.015         1
    21.016     5.269     0.015         1
    21.033     5.273     0.015         1
    21.051     5.276     0.015         1
    21.069     5.280     0.015         1
    21.086     5.283     0.015         1
    21.105     5.286     0.015         1
    21.122     5.290     0.015         1
    21.140     5.293     0.015         1
    21.158     5.297     0.015         1
    21.177     5.300     0.015         1
    21.195     5.304     0.015         1
    21.212     5.307     0.015         1
    21.231     5.311     0.015         1
    21.248     5.314     0.015         1
    21.267     5.318     0.015         1
    12.080    -1.000     0.000         0
     6.974     3.707     0.010         2
     6.993     3.697     0.010         2
     7.012     3.686     0.010         2
     7.027     3.676     0.010         2
     7.046     3.665     0.010         2
     7.064     3.655     0.010         2
     7.082     3.644     0.010         2
     7.100     3.633     0.010         2
     7.120     3.623     0.010         2
     7.138     3.611     0.010         2
     7.157     3.600     0.010         2
     7.176     3.589     0.010         2
     7.194     3.578     0.010         2
     7.213     3.567     0.010         2
     7.233     3.556     0.010         2
     7.251     3.546     0.010         2
    12.080     1.000     0.000         0
    17.252     3.723     0.010         2
    17.269     3.730     0.010         2
    17.287     3.739     0.010         2
    17.304     3.747     0.010         2
    17.321     3.756     0.010         2
    17.339     3.765     0.010         2
    17.356     3.773     0.010         2
    17.373     3.782     0.010         2
    17.389     3.791     0.010         2
    17.406     3.799     0.010         2
    17.423     3.808     0.010         2
    17.441     3.816     0.010         2
    17.459     3.825     0.010         2
    17.476     3.834     0.010         2
    17.493     3.842     0.010         2
    17.510     3.851     0.010         2
    17.527     3.860     0.010         2
    17.544     3.868     0.010         2
    17.562     3.877     0.010         2
    17.579     3.885     0.010         2
    17.597     3.894     0.010         2
    17.614     3.903     0.010         2
    17.632     3.911     0.010         2
    17.649     3.920     0.010         2
    17.666     3.929     0.010         2
    17.684     3.933     0.010         2
    12.080    -1.000     0.000         0     
     6.324     4.005     0.010      9990
     6.343     3.997     0.010      9990
     6.361     3.989     0.010      9990
     6.380     3.980     0.010      9990
     6.398     3.972     0.010      9990
     6.417     3.963     0.010      9990
     6.436     3.954     0.010      9990
     6.456     3.945     0.010      9990
     6.475     3.936     0.010      9990
     6.494     3.927     0.010      9990
     6.513     3.918     0.010      9990
     6.532     3.910     0.010      9990
     6.551     3.901     0.010      9990
     6.570     3.892     0.010      9990
     6.590     3.883     0.010      9990
     6.609     3.874     0.010      9990
     6.629     3.865     0.010      9990
     6.648     3.856     0.010      9990
     6.668     3.847     0.010      9990
     6.687     3.838     0.010      9990
     6.707     3.829     0.010      9990
     6.728     3.819     0.010      9990
     6.747     3.810     0.010      9990
     6.767     3.801     0.010      9990
     6.786     3.794     0.010      9990
     6.805     3.785     0.010      9990
     6.824     3.777     0.010      9990
     6.842     3.769     0.010      9990
     6.862     3.760     0.010      9990
     6.881     3.752     0.010      9990
     6.899     3.744     0.010      9990
     6.918     3.736     0.010      9990
     6.936     3.728     0.010      9990
     6.955     3.719     0.010      9990
    12.080     1.000     0.000         0
    17.701     3.942     0.010      9990
    17.718     3.951     0.010      9990
    17.736     3.958     0.010      9990
    17.754     3.965     0.010      9990
    17.770     3.974     0.010      9990
    17.789     3.983     0.010      9990
    17.805     3.991     0.010      9990
    17.823     4.000     0.010      9990
    17.840     4.009     0.010      9990
    17.858     4.016     0.010      9990
    17.876     4.025     0.010      9990
    17.893     4.033     0.010      9990
    17.911     4.042     0.010      9990
    17.928     4.050     0.010      9990
    17.947     4.059     0.010      9990
    17.964     4.066     0.010      9990
    17.982     4.075     0.010      9990
    18.000     4.084     0.010      9990
    18.017     4.092     0.010      9990
    18.035     4.101     0.010      9990
    18.052     4.110     0.010      9990
    18.070     4.117     0.010      9990
    18.087     4.126     0.010      9990
    18.105     4.134     0.010      9990
    18.124     4.142     0.010      9990
    18.141     4.150     0.010      9990
    18.159     4.159     0.010      9990
    18.176     4.166     0.010      9990
    18.194     4.175     0.010      9990
    18.212     4.184     0.010      9990
    18.229     4.191     0.010      9990
    18.247     4.200     0.010      9990
    18.265     4.208     0.010      9990    
    18.283     4.214     0.010      9990
    18.302     4.222     0.010      9990
    18.320     4.228     0.010      9990
    18.338     4.235     0.010      9990
    18.354     4.241     0.010      9990
    18.373     4.249     0.010      9990
    18.395     4.256     0.010      9990
    12.080    -1.000     0.000         0
     5.704     4.262     0.010         5
     5.723     4.256     0.010         5
     5.742     4.250     0.010         5
     5.761     4.244     0.010         5
     5.779     4.238     0.010         5
     5.798     4.232     0.010         5
     5.816     4.227     0.010         5
     5.835     4.221     0.010         5
     5.852     4.211     0.010         5
     5.871     4.203     0.010         5
     5.889     4.195     0.010         5
     5.907     4.188     0.010         5
     5.925     4.180     0.010         5
     5.944     4.172     0.010         5
     5.961     4.165     0.010         5
     5.979     4.157     0.010         5
     5.995     4.150     0.010         5
     6.016     4.141     0.010         5
     6.032     4.135     0.010         5
     6.052     4.126     0.010         5
     6.069     4.119     0.010         5
     6.086     4.112     0.010         5
     6.105     4.104     0.010         5
     6.123     4.096     0.010         5
     6.141     4.087     0.010         5
     6.159     4.080     0.010         5
     6.178     4.072     0.010         5
     6.196     4.064     0.010         5
     6.214     4.057     0.010         5
     6.233     4.046     0.010         5
     6.251     4.039     0.010         5
     6.270     4.030     0.010         5
     6.288     4.022     0.010         5
     6.306     4.014     0.010         5    
    12.080     1.000     0.000         0    
    18.411     4.262     0.010         5
    18.429     4.270     0.010         5
    18.448     4.276     0.010         5
    18.468     4.283     0.010         5
    18.487     4.291     0.010         5
    18.506     4.297     0.010         5
    18.524     4.304     0.010         5    
    18.546     4.310     0.010         5
    18.564     4.318     0.010         5
    18.584     4.325     0.010         5
    18.603     4.332     0.010         5
    18.621     4.340     0.010         5
    18.641     4.347     0.010         5
    18.659     4.354     0.010         5
    18.678     4.362     0.010         5
    18.695     4.369     0.010         5
    18.714     4.376     0.010         5
    18.732     4.384     0.010         5
    18.750     4.391     0.010         5
    18.768     4.398     0.010         5
    18.786     4.406     0.010         5
    18.804     4.413     0.010         5
    18.821     4.420     0.010         5
    18.840     4.427     0.010         5
    18.857     4.434     0.010         5
    18.875     4.442     0.010         5
    18.892     4.448     0.010         5
    18.909     4.456     0.010         5
    18.927     4.463     0.010         5
    18.945     4.470     0.010         5
    18.962     4.477     0.010         5
    18.979     4.484     0.010         5
    18.996     4.498     0.010         5
    19.014     4.498     0.010         5
    19.030     4.512     0.010         5
    19.047     4.522     0.010         5
    19.065     4.525     0.010         5
    19.082     4.527     0.010         5
    19.100     4.534     0.010         5
    19.116     4.541     0.010         5
    19.134     4.548     0.010         5
    19.151     4.560     0.010         5
    19.168     4.563     0.010         5
    19.186     4.569     0.010         5
    19.202     4.577     0.010         5
    19.220     4.584     0.010         5
    19.237     4.591     0.010         5
    19.254     4.598     0.010         5
    19.271     4.605     0.010         5
    19.288     4.612     0.010         5
    19.306     4.619     0.010         5
    19.321     4.627     0.010         5
    19.341     4.633     0.010         5
    19.357     4.641     0.010         5
    19.373     4.648     0.010         5
    12.573    -1.000     0.000         0
     7.270     3.799     0.010         2
     7.289     3.789     0.010         2
     7.307     3.779     0.010         2
     7.326     3.768     0.010         2
     7.345     3.758     0.010         2
     7.363     3.748     0.010         2
     7.382     3.738     0.010         2
     7.401     3.728     0.010         2
     7.420     3.718     0.010         2
     7.438     3.707     0.010         2
     7.457     3.697     0.010         2
     7.475     3.688     0.010         2
     7.494     3.677     0.010         2
     7.512     3.667     0.010         2
     7.530     3.658     0.010         2
     7.549     3.647     0.010         2
     7.567     3.637     0.010         2
     7.585     3.628     0.010         2
     7.604     3.617     0.010         2
     7.622     3.608     0.010         2
     7.641     3.598     0.010         2
     7.659     3.587     0.010         2
     7.677     3.578     0.010         2
     7.696     3.568     0.010         2
     7.714     3.558     0.010         2
     7.732     3.548     0.010         2
     7.751     3.538     0.010         2
     7.769     3.528     0.010         2
     7.787     3.519     0.010         2
     7.805     3.509     0.010         2
     7.823     3.499     0.010         2
     7.842     3.490     0.010         2
     7.859     3.481     0.010         2
     7.877     3.470     0.010         2
     7.895     3.462     0.010         2
     7.912     3.452     0.010         2
     7.930     3.442     0.010         2
     7.948     3.432     0.010         2
     7.966     3.422     0.010         2
     7.984     3.412     0.010         2
     8.002     3.402     0.010         2
     8.018     3.394     0.010         2
     8.035     3.384     0.010         2
     8.054     3.373     0.010         2
     8.072     3.363     0.010         2
    12.573     1.000     0.000         0
    17.476     3.603     0.010         2
    17.494     3.612     0.010         2
    17.510     3.620     0.010         2
    17.527     3.629     0.010         2
    17.544     3.637     0.010         2
    17.562     3.645     0.010         2
    17.579     3.654     0.010         2
    17.597     3.663     0.010         2
    17.614     3.670     0.010         2
    17.632     3.678     0.010         2
    17.649     3.687     0.010         2
    17.666     3.696     0.010         2
    17.684     3.704     0.010         2
    17.701     3.713     0.010         2
    17.718     3.721     0.010         2
    17.736     3.730     0.010         2
    17.754     3.739     0.010         2
    17.770     3.747     0.010         2
    17.789     3.755     0.010         2
    17.805     3.765     0.010         2
    17.823     3.773     0.010         2
    17.841     3.781     0.010         2
    17.858     3.790     0.010         2
    17.876     3.799     0.010         2
    17.893     3.808     0.010         2
    17.911     3.816     0.010         2
    17.929     3.825     0.010         2
    17.947     3.834     0.010         2
    17.964     3.843     0.010         2
    17.982     3.852     0.010         2
    18.000     3.861     0.010         2
    18.017     3.870     0.010         2
    18.035     3.879     0.010         2
    18.052     3.888     0.010         2
    18.070     3.897     0.010         2
    18.087     3.906     0.010         2
    18.105     3.915     0.010         2
    18.124     3.924     0.010         2
    18.141     3.933     0.010         2
    18.159     3.942     0.010         2
    18.176     3.950     0.010         2
    18.194     3.960     0.010         2
    18.212     3.964     0.010         2
    12.573    -1.000     0.000         0
     6.687     4.039     0.010      9990
     6.707     4.031     0.010      9990
     6.728     4.022     0.010      9990
     6.747     4.014     0.010      9990
     6.767     4.006     0.010      9990
     6.786     3.997     0.010      9990
     6.805     3.989     0.010      9990
     6.824     3.980     0.010      9990
     6.843     3.973     0.010      9990
     6.862     3.966     0.010      9990
     6.881     3.957     0.010      9990
     6.899     3.950     0.010      9990
     6.918     3.941     0.010      9990
     6.936     3.934     0.010      9990
     6.955     3.925     0.010      9990
     6.974     3.918     0.010      9990
     6.993     3.910     0.010      9990
     7.012     3.902     0.010      9990
     7.027     3.894     0.010      9990
     7.046     3.886     0.010      9990
     7.064     3.878     0.010      9990
     7.082     3.871     0.010      9990
     7.101     3.864     0.010      9990
     7.120     3.857     0.010      9990
     7.138     3.851     0.010      9990
     7.157     3.843     0.010      9990
     7.176     3.837     0.010      9990
     7.194     3.829     0.010      9990
     7.213     3.823     0.010      9990
     7.233     3.816     0.010      9990
     7.251     3.810     0.010      9990
    12.573     1.000     0.000         0
    18.229     3.971     0.010      9990
    18.247     3.979     0.010      9990
    18.265     3.987     0.010      9990
    18.283     3.995     0.010      9990
    18.302     4.002     0.010      9990
    18.320     4.011     0.010      9990
    18.338     4.018     0.010      9990
    18.354     4.026     0.010      9990
    18.373     4.034     0.010      9990
    18.395     4.042     0.010      9990
    18.411     4.050     0.010      9990
    18.429     4.057     0.010      9990
    18.449     4.065     0.010      9990
    18.468     4.073     0.010      9990
    18.487     4.081     0.010      9990
    18.506     4.088     0.010      9990
    18.524     4.097     0.010      9990
    18.546     4.104     0.010      9990
    18.564     4.112     0.010      9990
    18.584     4.120     0.010      9990
    18.603     4.128     0.010      9990
    18.621     4.135     0.010      9990
    18.641     4.143     0.010      9990
    18.659     4.150     0.010      9990
    18.678     4.158     0.010      9990
    18.695     4.166     0.010      9990
    18.714     4.173     0.010      9990
    18.732     4.181     0.010      9990
    18.750     4.188     0.010      9990
    18.768     4.196     0.010      9990
    18.786     4.204     0.010      9990
    18.804     4.211     0.010      9990
    18.821     4.219     0.010      9990
    18.840     4.227     0.010      9990
    18.857     4.234     0.010      9990
    18.875     4.242     0.010      9990
    18.892     4.249     0.010      9990
    18.909     4.257     0.010      9990
    12.573     1.000     0.000         0    
    18.927     4.265     0.010         5
    18.945     4.272     0.010         5
    18.962     4.280     0.010         5
    18.979     4.287     0.010         5
    18.996     4.295     0.010         5
    19.014     4.303     0.010         5
    19.030     4.311     0.010         5
    19.048     4.324     0.010         5
    19.065     4.324     0.010         5
    19.082     4.330     0.010         5
    19.100     4.338     0.010         5
    19.116     4.345     0.010         5
    19.134     4.352     0.010         5
    19.151     4.359     0.010         5
    19.168     4.362     0.010         5
    19.186     4.364     0.010         5
    19.203     4.376     0.010         5
    19.220     4.383     0.010         5
    19.237     4.394     0.010         5
    19.254     4.397     0.010         5
    19.271     4.401     0.010         5
    19.288     4.412     0.010         5
    19.306     4.416     0.010         5
    19.321     4.423     0.010         5
    19.341     4.431     0.010         5
    19.357     4.438     0.010         5
    19.373     4.446     0.010         5
    19.391     4.453     0.010         5
    19.408     4.461     0.010         5
    19.426     4.468     0.010         5
    19.442     4.475     0.010         5
    19.460     4.483     0.010         5
    19.477     4.488     0.010         5
    19.495     4.494     0.010         5
    19.512     4.501     0.010         5
    19.529     4.508     0.010         5
    19.547     4.515     0.010         5
    19.564     4.522     0.010         5
    19.582     4.529     0.010         5
    19.600     4.536     0.010         5
    19.617     4.543     0.010         5
    13.113    -1.000     0.000         0
     7.841     3.765     0.010         2
     7.858     3.757     0.010         2
     7.877     3.747     0.010         2
     7.894     3.738     0.010         2
     7.912     3.730     0.010         2
     7.930     3.720     0.010         2
     7.948     3.711     0.010         2
     7.966     3.703     0.010         2
     7.984     3.694     0.010         2
     8.001     3.684     0.010         2
     8.017     3.677     0.010         2
     8.035     3.668     0.010         2
     8.054     3.658     0.010         2
     8.072     3.649     0.010         2
     8.091     3.640     0.010         2
     8.110     3.631     0.010         2
     8.129     3.620     0.010         2
     8.148     3.611     0.010         2
     8.165     3.603     0.010         2
     8.185     3.593     0.010         2
     8.202     3.585     0.010         2
     8.221     3.576     0.010         2
     8.239     3.567     0.010         2
     8.258     3.558     0.010         2
     8.277     3.549     0.010         2
     8.295     3.539     0.010         2
     8.313     3.529     0.010         2
     8.332     3.518     0.010         2
     8.350     3.510     0.010         2
     8.370     3.499     0.010         2
     8.387     3.490     0.010         2
     8.406     3.480     0.010         2
     8.425     3.471     0.010         2
     8.443     3.461     0.010         2
     8.462     3.451     0.010         2
     8.481     3.440     0.010         2
     8.499     3.432     0.010         2
    13.113     1.000     0.000         0
    18.125     3.675     0.010         2
    18.142     3.681     0.010         2
    18.160     3.690     0.010         2
    18.177     3.698     0.010         2
    18.194     3.706     0.010         2
    18.213     3.715     0.010         2
    18.230     3.722     0.010         2
    18.248     3.731     0.010         2
    18.266     3.739     0.010         2
    18.284     3.748     0.010         2
    18.302     3.755     0.010         2
    18.321     3.764     0.010         2
    18.339     3.772     0.010         2
    18.355     3.780     0.010         2
    18.374     3.789     0.010         2
    18.396     3.800     0.010         2
    18.411     3.806     0.010         2
    18.430     3.816     0.010         2
    18.449     3.825     0.010         2
    18.468     3.834     0.010         2
    18.487     3.842     0.010         2
    18.507     3.851     0.010         2
    13.113    -1.000     0.000         0
     6.748     4.252     0.010      9990
     6.767     4.243     0.010      9990
     6.786     4.235     0.010      9990
     6.806     4.227     0.010      9990
     6.824     4.218     0.010      9990
     6.843     4.212     0.010      9990
     6.862     4.203     0.010      9990
     6.881     4.195     0.010      9990
     6.899     4.188     0.010      9990
     6.918     4.179     0.010      9990
     6.937     4.173     0.010      9990
     6.956     4.164     0.010      9990
     6.974     4.157     0.010      9990
     6.993     4.148     0.010      9990
     7.012     4.138     0.010      9990
     7.027     4.132     0.010      9990
     7.046     4.122     0.010      9990
     7.064     4.114     0.010      9990
     7.082     4.106     0.010      9990
     7.101     4.098     0.010      9990
     7.120     4.088     0.010      9990
     7.138     4.080     0.010      9990
     7.157     4.070     0.010      9990
     7.176     4.061     0.010      9990
     7.195     4.053     0.010      9990
     7.213     4.043     0.010      9990
     7.233     4.035     0.010      9990
     7.251     4.026     0.010      9990
     7.270     4.017     0.010      9990
     7.289     4.008     0.010      9990     
     7.307     4.000     0.010      9990
     7.326     3.990     0.010      9990
     7.345     3.983     0.010      9990
     7.364     3.976     0.010      9990
     7.382     3.968     0.010      9990
     7.401     3.960     0.010      9990
     7.420     3.951     0.010      9990
     7.438     3.944     0.010      9990
     7.457     3.935     0.010      9990
     7.475     3.928     0.010      9990
     7.493     3.919     0.010      9990
     7.512     3.913     0.010      9990
     7.530     3.905     0.010      9990
     7.549     3.897     0.010      9990
     7.567     3.889     0.010      9990
     7.585     3.881     0.010      9990
     7.604     3.872     0.010      9990
     7.622     3.864     0.010      9990
     7.641     3.856     0.010      9990
     7.659     3.849     0.010      9990
     7.677     3.839     0.010      9990
     7.696     3.832     0.010      9990
     7.714     3.824     0.010      9990
     7.732     3.816     0.010      9990
     7.751     3.807     0.010      9990
     7.769     3.799     0.010      9990
     7.787     3.792     0.010      9990
     7.805     3.784     0.010      9990
     7.823     3.774     0.010      9990     
    13.113     1.000     0.000         0
    18.525     3.859     0.010      9990
    18.546     3.869     0.010      9990
    18.565     3.877     0.010      9990
    18.585     3.887     0.010      9990
    18.604     3.894     0.010      9990
    18.622     3.903     0.010      9990
    18.642     3.911     0.010      9990
    18.659     3.920     0.010      9990
    18.678     3.929     0.010      9990
    18.696     3.938     0.010      9990
    18.715     3.944     0.010      9990
    18.733     3.956     0.010      9990
    18.750     3.964     0.010      9990
    18.768     3.970     0.010      9990
    18.787     3.978     0.010      9990
    18.804     3.986     0.010      9990
    18.822     3.993     0.010      9990
    18.840     4.001     0.010      9990
    18.858     4.008     0.010      9990
    18.876     4.017     0.010      9990
    18.893     4.023     0.010      9990
    18.910     4.030     0.010      9990
    18.928     4.037     0.010      9990
    18.946     4.046     0.010      9990
    18.963     4.052     0.010      9990
    18.980     4.061     0.010      9990    
    18.997     4.067     0.010      9990
    19.015     4.075     0.010      9990
    19.031     4.081     0.010      9990
    19.048     4.087     0.010      9990
    19.066     4.095     0.010      9990
    19.083     4.101     0.010      9990
    19.101     4.108     0.010      9990
    19.117     4.115     0.010      9990
    19.135     4.122     0.010      9990
    19.152     4.129     0.010      9990    
    19.169     4.137     0.010      9990
    19.187     4.146     0.010      9990
    19.203     4.153     0.010      9990
    19.221     4.160     0.010      9990
    19.238     4.168     0.010      9990
    19.255     4.177     0.010      9990
    19.272     4.185     0.010      9990
    19.289     4.193     0.010      9990
    19.307     4.200     0.010      9990
    19.322     4.207     0.010      9990
    19.342     4.217     0.010      9990
    19.357     4.224     0.010      9990
    19.374     4.230     0.010      9990
    13.113     1.000     0.000         0    
    19.392     4.239     0.010         5
    19.409     4.247     0.010         5
    19.427     4.256     0.010         5
    19.443     4.263     0.010         5
    19.461     4.271     0.010         5
    19.478     4.279     0.010         5
    19.495     4.287     0.010         5    
    19.513     4.296     0.010         5
    19.530     4.304     0.010         5
    19.548     4.310     0.010         5
    19.565     4.317     0.010         5
    19.583     4.324     0.010         5    
    19.601     4.330     0.010         5
    19.618     4.337     0.010         5
    19.636     4.345     0.010         5
    19.655     4.351     0.010         5
    19.672     4.358     0.010         5
    19.691     4.366     0.010         5    
    19.708     4.372     0.010         5
    19.727     4.380     0.010         5
    19.744     4.387     0.010         5
    19.763     4.394     0.010         5
    19.781     4.401     0.010         5
    19.799     4.409     0.010         5
    19.818     4.415     0.010         5
    19.836     4.423     0.010         5
    19.854     4.430     0.010         5
    19.874     4.438     0.010         5
    19.892     4.445     0.010         5
    19.911     4.453     0.010         5
    19.929     4.459     0.010         5
    19.948     4.468     0.010         5
    19.967     4.476     0.010         5
    19.986     4.483     0.010         5
    20.005     4.491     0.010         5
    20.024     4.499     0.010         5
    20.043     4.506     0.010         5
    20.062     4.514     0.010         5
    20.081     4.522     0.010         5
    20.100     4.529     0.010         5
    20.119     4.537     0.010         5
    20.138     4.545     0.010         5
    20.158     4.553     0.010         5
    20.176     4.560     0.010         5
    20.196     4.569     0.010         5
    20.215     4.576     0.010         5
    20.233     4.583     0.010         5
    20.252     4.592     0.010         5
    20.271     4.598     0.010         5
    20.290     4.606     0.010         5
    20.308     4.614     0.010         5
    20.326     4.621     0.010         5
    20.345     4.628     0.010         5
    20.360     4.634     0.010         5
    20.379     4.641     0.010         5
    20.398     4.649     0.010         5
    20.416     4.657     0.010         5
    20.435     4.664     0.010         5
    20.453     4.671     0.010         5
    20.472     4.679     0.010         5
    20.490     4.686     0.010         5
    20.509     4.694     0.010         5
    20.527     4.702     0.010         5
    20.546     4.708     0.010         5
    20.565     4.716     0.010         5
    20.583     4.724     0.010         5
    20.602     4.730     0.010         5
    20.619     4.737     0.010         5
    20.638     4.744     0.010         5
    20.656     4.751     0.010         5
    20.674     4.758     0.010         5
    20.691     4.764     0.010         5
    20.709     4.769     0.010         5
    20.727     4.776     0.010         5
    20.744     4.783     0.010         5
    20.762     4.789     0.010         5
    20.780     4.796     0.010         5
    20.798     4.803     0.010         5
    20.817     4.809     0.010         5
    20.835     4.816     0.010         5
    20.853     4.823     0.010         5
    20.871     4.830     0.010         5
    20.890     4.837     0.010         5
    20.907     4.843     0.010         5
    20.925     4.849     0.010         5
    20.944     4.856     0.010         5
    20.961     4.862     0.010         5
    20.979     4.869     0.010         5
    20.997     4.876     0.010         5
    21.015     4.884     0.010         5
    12.080    -1.000     0.000         0
     4.420     4.961     0.015         6
     4.439     4.954     0.015         6
     4.457     4.947     0.015         6
     4.475     4.941     0.015         6
     4.494     4.934     0.015         6
     4.512     4.929     0.015         6
     4.530     4.924     0.015         6
     4.548     4.919     0.015         6
     4.566     4.914     0.015         6
     4.584     4.909     0.015         6
     4.603     4.904     0.015         6
     4.621     4.898     0.015         6
     4.639     4.893     0.015         6
     4.658     4.888     0.015         6
     4.676     4.883     0.015         6
     4.695     4.878     0.015         6
     4.714     4.873     0.015         6
     4.731     4.868     0.015         6
     4.750     4.862     0.015         6
     4.768     4.857     0.015         6
     4.787     4.852     0.015         6
    12.080     1.000     0.000         0
    19.030     4.641     0.015         6
    19.047     4.645     0.015         6
    19.065     4.650     0.015         6
    19.082     4.654     0.015         6
    19.100     4.659     0.015         6
    19.116     4.664     0.015         6
    19.134     4.668     0.015         6
    19.151     4.673     0.015         6
    19.168     4.677     0.015         6
    19.186     4.682     0.015         6
    19.202     4.686     0.015         6
    19.220     4.691     0.015         6
    19.237     4.695     0.015         6
    19.254     4.700     0.015         6
    19.271     4.705     0.015         6
    19.288     4.709     0.015         6
    19.306     4.714     0.015         6
    19.321     4.718     0.015         6
    19.341     4.723     0.015         6
    19.357     4.727     0.015         6
    19.373     4.732     0.015         6
    19.391     4.736     0.015         6
    19.408     4.741     0.015         6
    19.425     4.745     0.015         6
    19.442     4.750     0.015         6
    19.460     4.754     0.015         6
    19.477     4.759     0.015         6
    19.494     4.764     0.015         6
    19.512     4.768     0.015         6
    19.529     4.773     0.015         6
    19.547     4.778     0.015         6
    19.564     4.782     0.015         6
    19.582     4.787     0.015         6
    19.600     4.791     0.015         6
    19.617     4.796     0.015         6
    19.635     4.801     0.015         6
    19.654     4.806     0.015         6
    19.671     4.810     0.015         6
    19.690     4.815     0.015         6
    19.707     4.820     0.015         6
    19.726     4.825     0.015         6
    19.743     4.829     0.015         6
    19.762     4.834     0.015         6
    19.780     4.839     0.015         6
    19.799     4.844     0.015         6
    19.817     4.849     0.015         6
    19.835     4.854     0.015         6
    19.853     4.858     0.015         6
    19.873     4.863     0.015         6
    19.891     4.868     0.015         6
    19.910     4.873     0.015         6
    19.928     4.878     0.015         6
    19.947     4.883     0.015         6
    19.966     4.888     0.015         6
    19.985     4.893     0.015         6
    20.004     4.898     0.015         6
    20.023     4.903     0.015         6
    20.042     4.908     0.015         6
    20.061     4.913     0.015         6
    20.080     4.918     0.015         6
    20.099     4.923     0.015         6
    20.118     4.928     0.015         6
    20.137     4.933     0.015         6
    20.157     4.938     0.015         6
    20.175     4.943     0.015         6
    20.195     4.948     0.015         6
    20.214     4.956     0.015         6
    20.232     4.961     0.015         6
    20.251     4.965     0.015         6
    20.270     4.970     0.015         6
    20.288     4.975     0.015         6
    20.307     4.979     0.015         6
    20.325     4.984     0.015         6
    20.344     4.989     0.015         6
    20.359     4.992     0.015         6
    12.573    -1.000     0.000         0
     4.676     4.997     0.015         6
     4.695     4.991     0.015         6
     4.714     4.985     0.015         6
     4.732     4.979     0.015         6
     4.750     4.973     0.015         6
     4.768     4.967     0.015         6
     4.787     4.961     0.015         6
     4.805     4.955     0.015         6
     4.824     4.950     0.015         6
     4.843     4.944     0.015         6
     4.861     4.938     0.015         6
     4.880     4.932     0.015         6
     4.898     4.926     0.015         6
     4.918     4.920     0.015         6
     4.936     4.914     0.015         6
     4.955     4.908     0.015         6
     4.973     4.902     0.015         6
     4.992     4.896     0.015         6
     5.007     4.891     0.015         6
     5.025     4.885     0.015         6
     5.044     4.880     0.015         6
     5.062     4.874     0.015         6
     5.080     4.868     0.015         6
     5.099     4.862     0.015         6
     5.117     4.856     0.015         6
     5.136     4.850     0.015         6
    12.573     1.000     0.000         0
    20.175     4.827     0.015         6
    20.195     4.832     0.015         6
    20.214     4.838     0.015         6
    20.232     4.843     0.015         6
    20.251     4.848     0.015         6
    20.270     4.853     0.015         6
    20.288     4.858     0.015         6
    20.307     4.863     0.015         6
    20.326     4.868     0.015         6
    20.344     4.873     0.015         6
    20.359     4.877     0.015         6
    20.378     4.883     0.015         6
    20.397     4.888     0.015         6
    20.415     4.892     0.015         6
    20.434     4.898     0.015         6
    20.452     4.903     0.015         6
    20.471     4.908     0.015         6
    20.489     4.913     0.015         6
    20.508     4.918     0.015         6
    20.526     4.923     0.015         6
    20.545     4.928     0.015         6
    20.564     4.933     0.015         6
    20.582     4.938     0.015         6
    20.601     4.943     0.015         6
    20.618     4.948     0.015         6
    20.637     4.953     0.015         6
    20.655     4.958     0.015         6
    20.673     4.963     0.015         6
    20.690     4.968     0.015         6
    20.708     4.973     0.015         6
    20.726     4.977     0.015         6
    20.743     4.982     0.015         6
    20.761     4.987     0.015         6
    20.779     4.992     0.015         6
    20.797     4.997     0.015         6
    13.113    -1.000     0.000         0
     5.081     5.032     0.015         6
     5.100     5.026     0.015         6
     5.118     5.019     0.015         6
     5.136     5.013     0.015         6
     5.155     5.007     0.015         6
     5.173     5.001     0.015         6
     5.192     4.994     0.015         6
     5.211     4.988     0.015         6
     5.229     4.982     0.015         6
     5.248     4.975     0.015         6
     5.267     4.969     0.015         6
     5.285     4.963     0.015         6
     5.304     4.956     0.015         6
     5.323     4.950     0.015         6
     5.342     4.944     0.015         6
     5.360     4.938     0.015         6
     5.379     4.931     0.015         6
     5.398     4.925     0.015         6
     5.416     4.919     0.015         6
     5.435     4.912     0.015         6
     5.455     4.906     0.015         6
     5.473     4.900     0.015         6
     5.493     4.893     0.015         6
     5.512     4.887     0.015         6
     5.531     4.880     0.015         6
     5.551     4.874     0.015         6
     5.570     4.867     0.015         6
     5.590     4.861     0.015         6
     5.609     4.854     0.015         6
     5.628     4.848     0.015         6
     5.647     4.841     0.015         6
     5.667     4.835     0.015         6
     5.686     4.829     0.015         6
     5.705     4.822     0.015         6
     5.723     4.816     0.015         6
     5.742     4.809     0.015         6
     5.761     4.803     0.015         6
     5.780     4.797     0.015         6
     5.798     4.791     0.015         6
     5.817     4.784     0.015         6
     5.836     4.778     0.015         6
     5.853     4.772     0.015         6
     5.872     4.766     0.015         6
     5.890     4.760     0.015         6
     5.908     4.754     0.015         6
     5.926     4.747     0.015         6
     5.944     4.741     0.015         6
     5.962     4.735     0.015         6
     5.980     4.729     0.015         6
    13.113     1.000     0.000         0
    21.370     5.018     0.015         6
    21.388     5.022     0.015         6
    21.406     5.027     0.015         6
    21.424     5.031     0.015         6
    21.442     5.036     0.015         6
    21.458     5.041     0.015         6
    21.476     5.045     0.015         6
    21.494     5.050     0.015         6
    21.511     5.054     0.015         6
    21.529     5.059     0.015         6
    21.547     5.064     0.015         6
    21.564     5.068     0.015         6
    21.581     5.073     0.015         6
    21.599     5.078     0.015         6
    21.617     5.082     0.015         6
    21.636     5.087     0.015         6
    21.652     5.092     0.015         6
    21.671     5.097     0.015         6
    21.689     5.101     0.015         6
    21.706     5.106     0.015         6
    12.080    -1.000     0.000         0
     3.786     5.112     0.015         1
     3.805     5.107     0.015         1
     3.825     5.102     0.015         1
     3.844     5.097     0.015         1
     3.864     5.092     0.015         1
     3.884     5.086     0.015         1
     3.903     5.082     0.015         1
     3.923     5.077     0.015         1
     3.940     5.073     0.015         1
     3.962     5.067     0.015         1
     3.980     5.063     0.015         1
     3.999     5.058     0.015         1
     4.019     5.053     0.015         1
     4.038     5.047     0.015         1
     4.058     5.042     0.015         1
     4.077     5.038     0.015         1
     4.097     5.033     0.015         1
     4.116     5.028     0.015         1
    12.080     1.000     0.000         0
    20.526     5.034     0.015         1
    20.545     5.038     0.015         1
    20.564     5.043     0.015         1
    20.582     5.047     0.015         1
    20.601     5.051     0.015         1
    20.618     5.055     0.015         1
    20.637     5.059     0.015         1
    20.655     5.064     0.015         1
    20.673     5.067     0.015         1
    20.690     5.071     0.015         1
    20.708     5.076     0.015         1
    20.726     5.079     0.015         1
    20.743     5.084     0.015         1
    20.761     5.088     0.015         1
    20.779     5.092     0.015         1
    20.797     5.096     0.015         1
    20.816     5.100     0.015         1
    20.833     5.104     0.015         1
    20.852     5.108     0.015         1
    20.869     5.112     0.015         1
    20.888     5.117     0.015         1
    20.906     5.121     0.015         1
    20.924     5.125     0.015         1
    20.942     5.129     0.015         1
    20.960     5.133     0.015         1
    20.978     5.137     0.015         1
    20.996     5.141     0.015         1
    21.014     5.145     0.015         1
    21.031     5.149     0.015         1
    21.049     5.153     0.015         1
    21.067     5.157     0.015         1
    21.084     5.161     0.015         1
    12.573    -1.000     0.000         0
     2.892     5.478     0.015         1
     2.911     5.472     0.015         1
     2.934     5.467     0.015         1
     2.951     5.462     0.015         1
     2.970     5.457     0.015         1
     2.990     5.452     0.015         1
     3.009     5.447     0.015         1
     3.030     5.441     0.015         1
     3.049     5.436     0.015         1
     3.069     5.431     0.015         1
     3.089     5.426     0.015         1
     3.108     5.420     0.015         1
     3.128     5.415     0.015         1
     3.148     5.410     0.015         1
     3.167     5.405     0.015         1
     3.187     5.400     0.015         1
     3.206     5.395     0.015         1
     3.226     5.390     0.015         1
     3.246     5.384     0.015         1
     3.266     5.379     0.015         1
     3.285     5.374     0.015         1
     3.304     5.369     0.015         1
     3.324     5.364     0.015         1
     3.343     5.359     0.015         1
     3.363     5.353     0.015         1
     3.383     5.348     0.015         1
     3.401     5.344     0.015         1
     3.421     5.338     0.015         1
     3.440     5.333     0.015         1
     3.459     5.328     0.015         1
     3.477     5.324     0.015         1
     3.496     5.319     0.015         1
     3.514     5.314     0.015         1
     3.533     5.309     0.015         1
     3.551     5.304     0.015         1
     3.570     5.299     0.015         1
     3.589     5.295     0.015         1
     3.609     5.289     0.015         1
     3.628     5.284     0.015         1
     3.647     5.279     0.015         1
    12.573     1.000     0.000         0
    21.049     5.050     0.015         1
    21.067     5.053     0.015         1
    21.084     5.057     0.015         1
    21.103     5.061     0.015         1
    21.120     5.064     0.015         1
    21.138     5.068     0.015         1
    21.157     5.072     0.015         1
    21.175     5.076     0.015         1
    21.193     5.079     0.015         1
    21.211     5.083     0.015         1
    21.229     5.087     0.015         1
    21.246     5.091     0.015         1
    21.265     5.095     0.015         1
    21.283     5.098     0.015         1
    21.300     5.102     0.015         1
    21.316     5.105     0.015         1
    21.334     5.109     0.015         1
    21.352     5.112     0.015         1
    21.369     5.116     0.015         1
    21.387     5.120     0.015         1
    21.405     5.124     0.015         1
    21.422     5.127     0.015         1
    21.441     5.131     0.015         1
    21.457     5.134     0.015         1
    21.475     5.138     0.015         1
    21.493     5.142     0.015         1
    21.510     5.145     0.015         1
    21.527     5.149     0.015         1
    21.545     5.153     0.015         1
    21.562     5.156     0.015         1
    21.580     5.160     0.015         1
    21.598     5.163     0.015         1
    21.616     5.167     0.015         1
    21.634     5.171     0.015         1
    13.113    -1.000     0.000         0
     4.195     5.220     0.015         1
     4.214     5.215     0.015         1
     4.233     5.212     0.015         1
     4.253     5.207     0.015         1
     4.271     5.203     0.015         1
     4.291     5.198     0.015         1
     4.309     5.194     0.015         1
     4.328     5.189     0.015         1
     4.347     5.185     0.015         1
     4.365     5.181     0.015         1
     4.385     5.177     0.015         1
     4.402     5.172     0.015         1
     4.422     5.168     0.015         1
     4.440     5.164     0.015         1
     4.458     5.160     0.015         1
     4.477     5.155     0.015         1
     4.495     5.152     0.015         1
     4.513     5.147     0.015         1
     4.531     5.143     0.015         1
     4.549     5.139     0.015         1
     4.568     5.135     0.015         1
     4.586     5.131     0.015         1
     4.604     5.127     0.015         1
     4.623     5.122     0.015         1
     4.641     5.118     0.015         1
     4.659     5.114     0.015         1
     4.677     5.110     0.015         1
     4.696     5.105     0.015         1
     4.715     5.101     0.015         1
     4.732     5.097     0.015         1
     4.751     5.093     0.015         1
     4.769     5.088     0.015         1
     4.788     5.084     0.015         1
    13.113     1.000     0.000         0
    21.812     5.104     0.015         1
    21.830     5.107     0.015         1
    21.848     5.112     0.015         1
    21.866     5.115     0.015         1
    21.884     5.120     0.015         1
    21.901     5.124     0.015         1
    21.919     5.128     0.015         1
    21.936     5.132     0.015         1
    21.954     5.137     0.015         1
    21.971     5.140     0.015         1
    21.989     5.144     0.015         1
    22.005     5.149     0.015         1
    22.023     5.152     0.015         1
    22.040     5.156     0.015         1
    22.057     5.161     0.015         1
    22.074     5.164     0.015         1
    22.090     5.168     0.015         1
    22.108     5.172     0.015         1
    22.125     5.176     0.015         1
    22.142     5.180     0.015         1
    22.160     5.184     0.015         1
    22.176     5.188     0.015         1
    22.193     5.192     0.015         1
    22.207     5.195     0.015         1
    22.227     5.200     0.015         1
    22.244     5.204     0.015         1
    22.258     5.206     0.015         1
    22.276     5.211     0.015         1
    22.292     5.215     0.015         1
    22.309     5.219     0.015         1
    22.327     5.223     0.015         1
    22.344     5.227     0.015         1
    22.361     5.230     0.015         1
    22.379     5.235     0.015         1
    22.396     5.239     0.015         1
    11.530    -1.000     0.000         0
     8.924     2.418     0.010         3
     8.940     2.409     0.010         3
     8.962     2.400     0.010         3
     8.978     2.391     0.010         3
     8.997     2.382     0.010         3
     9.016     2.374     0.010         3
     9.035     2.364     0.010         3
     9.054     2.356     0.010         3
     9.073     2.346     0.010         3
     9.092     2.338     0.010         3
     9.110     2.330     0.010         3
     9.129     2.319     0.010         3
     9.147     2.311     0.010         3
     9.166     2.301     0.010         3
     9.185     2.293     0.010         3
     9.203     2.285     0.010         3
     9.222     2.275     0.010         3
     9.240     2.267     0.010         3
     9.258     2.259     0.010         3
     9.276     2.251     0.010         3
     9.294     2.243     0.010         3
     9.312     2.235     0.010         3
     9.330     2.229     0.010         3
     9.349     2.220     0.010         3
     9.367     2.212     0.010         3
     9.386     2.206     0.010         3
     9.404     2.198     0.010         3
     9.423     2.189     0.010         3
     9.441     2.183     0.010         3
     9.460     2.175     0.010         3
     9.478     2.167     0.010         3
     9.497     2.160     0.010         3
     9.516     2.157     0.010         3
     9.534     2.149     0.010         3
    11.038     1.729     0.010         3
    11.056     1.727     0.010         3
    11.073     1.724     0.010         3
    11.091     1.723     0.010         3
    11.108     1.720     0.010         3
    11.126     1.718     0.010         3
    11.143     1.717     0.010         3
    11.161     1.714     0.010         3
    11.178     1.712     0.010         3
    11.196     1.711     0.010         3
    11.214     1.708     0.010         3
    11.232     1.707     0.010         3
    11.249     1.705     0.010         3
    11.267     1.704     0.010         3
    11.285     1.701     0.010         3
    11.302     1.700     0.010         3
    11.319     1.699     0.010         3
    11.337     1.697     0.010         3
    11.353     1.696     0.010         3
    11.370     1.693     0.010         3
    11.388     1.692     0.010         3
    11.405     1.691     0.010         3
    11.422     1.689     0.010         3
    11.439     1.688     0.010         3
    11.455     1.685     0.010         3
    11.471     1.684     0.010         3
    11.484     1.683     0.010         3
    11.494     1.681     0.010         3
    11.497     1.681     0.010         3
    11.530     1.000     0.000         0
    11.570     1.688     0.010         3
    11.582     1.687     0.010         3
    11.596     1.688     0.010         3
    11.613     1.689     0.010         3
    11.629     1.692     0.010         3
    11.646     1.693     0.010         3
    11.664     1.696     0.010         3
    11.681     1.696     0.010         3
    11.700     1.697     0.010         3
    11.716     1.700     0.010         3
    11.736     1.701     0.010         3
    11.753     1.704     0.010         3
    11.772     1.705     0.010         3
    11.790     1.706     0.010         3
    11.808     1.709     0.010         3
    11.826     1.710     0.010         3
    11.844     1.713     0.010         3
    11.860     1.713     0.010         3
    11.880     1.715     0.010         3
    11.898     1.717     0.010         3
    11.915     1.718     0.010         3
    11.933     1.721     0.010         3
    11.949     1.721     0.010         3
    11.966     1.722     0.010         3
    11.985     1.725     0.010         3
    12.002     1.726     0.010         3
    12.021     1.729     0.010         3
    12.038     1.731     0.010         3
    12.056     1.734     0.010         3
    12.073     1.736     0.010         3
    12.090     1.739     0.010         3
    12.108     1.740     0.010         3
    12.125     1.743     0.010         3
    12.143     1.745     0.010         3
    12.161     1.748     0.010         3
    13.300     2.051     0.010         3
    13.315     2.057     0.010         3
    13.332     2.063     0.010         3
    13.348     2.070     0.010         3
    13.364     2.076     0.010         3
    13.380     2.082     0.010         3
    13.396     2.089     0.010         3
    13.412     2.095     0.010         3
    13.428     2.101     0.010         3
    13.444     2.107     0.010         3
    13.460     2.114     0.010         3
    13.475     2.120     0.010         3
    13.491     2.126     0.010         3
    13.508     2.133     0.010         3
    13.523     2.138     0.010         3
    13.540     2.145     0.010         3
    13.556     2.152     0.010         3
    13.572     2.159     0.010         3
    13.589     2.166     0.010         3
    13.605     2.173     0.010         3
    13.622     2.180     0.010         3
    13.638     2.187     0.010         3
    13.655     2.194     0.010         3
    13.672     2.201     0.010         3
    13.688     2.208     0.010         3
    13.705     2.215     0.010         3
    13.722     2.222     0.010         3
    13.739     2.230     0.010         3
    13.754     2.237     0.010         3
    13.774     2.246     0.010         3
    13.789     2.253     0.010         3
    13.806     2.261     0.010         3
    13.823     2.269     0.010         3
    13.841     2.277     0.010         3
    13.858     2.285     0.010         3
    13.876     2.293     0.010         3
    13.893     2.301     0.010         3
    13.910     2.309     0.010         3
    13.928     2.317     0.010         3
    13.945     2.325     0.010         3
    13.963     2.332     0.010         3
    13.979     2.340     0.010         3
    13.996     2.348     0.010         3
    14.013     2.356     0.010         3
    14.030     2.364     0.010         3
    14.046     2.371     0.010         3
    14.063     2.378     0.010         3
    14.080     2.386     0.010         3
    14.097     2.395     0.010         3
    14.114     2.403     0.010         3
    14.131     2.412     0.010         3
    14.148     2.420     0.010         3
    14.164     2.429     0.010         3
    14.182     2.438     0.010         3    
    12.080    -1.000     0.000         0
     9.442     2.433     0.010         3
     9.460     2.424     0.010         3
     9.479     2.416     0.010         3
     9.497     2.408     0.010         3
     9.517     2.400     0.010         3
     9.535     2.392     0.010         3
     9.553     2.384     0.010         3
     9.572     2.375     0.010         3
     9.590     2.368     0.010         3
     9.609     2.360     0.010         3
     9.627     2.351     0.010         3
     9.646     2.343     0.010         3
     9.664     2.335     0.010         3
     9.683     2.327     0.010         3
     9.701     2.319     0.010         3
     9.719     2.311     0.010         3
     9.738     2.303     0.010         3
     9.757     2.295     0.010         3
     9.775     2.287     0.010         3
     9.793     2.279     0.010         3
     9.811     2.271     0.010         3
     9.830     2.262     0.010         3
     9.848     2.255     0.010         3
     9.867     2.247     0.010         3
     9.885     2.239     0.010         3
     9.904     2.230     0.010         3
     9.922     2.222     0.010         3
     9.941     2.216     0.010         3
     9.959     2.207     0.010         3
     9.975     2.199     0.010         3
     9.993     2.194     0.010         3
    10.011     2.185     0.010         3
    10.030     2.177     0.010         3
    10.048     2.171     0.010         3
    10.067     2.162     0.010         3
    10.085     2.154     0.010         3
    10.103     2.146     0.010         3
    10.122     2.140     0.010         3
    10.140     2.131     0.010         3
    10.158     2.123     0.010         3
    10.177     2.117     0.010         3
    10.195     2.109     0.010         3
    10.214     2.100     0.010         3
    10.233     2.094     0.010         3
    11.620     1.722     0.010         3
    11.638     1.719     0.010         3
    11.655     1.720     0.010         3
    11.673     1.717     0.010         3
    11.691     1.715     0.010         3
    11.708     1.716     0.010         3
    11.727     1.713     0.010         3
    11.745     1.711     0.010         3
    11.763     1.709     0.010         3
    11.781     1.709     0.010         3
    11.798     1.707     0.010         3
    11.816     1.705     0.010         3
    11.833     1.705     0.010         3
    11.848     1.704     0.010         3
    11.867     1.701     0.010         3
    11.884     1.701     0.010         3
    11.901     1.700     0.010         3
    11.917     1.698     0.010         3
    11.931     1.697     0.010         3
    11.946     1.698     0.010         3
    11.962     1.697     0.010         3
    11.975     1.697     0.010         3
    11.988     1.699     0.010         3
    12.006     1.699     0.010         3
    12.010     1.696     0.010         3
    12.080     1.000     0.000         0
    12.151     1.696     0.010         3
    12.155     1.696     0.010         3
    12.164     1.698     0.010         3
    12.175     1.696     0.010         3
    12.187     1.697     0.010         3
    12.202     1.699     0.010         3
    12.216     1.698     0.010         3
    12.231     1.699     0.010         3
    12.247     1.701     0.010         3
    12.263     1.700     0.010         3
    12.281     1.702     0.010         3
    12.297     1.704     0.010         3
    12.315     1.705     0.010         3
    12.332     1.704     0.010         3
    12.348     1.706     0.010         3
    12.365     1.708     0.010         3
    12.382     1.707     0.010         3
    12.399     1.708     0.010         3
    12.416     1.710     0.010         3
    12.432     1.709     0.010         3
    12.448     1.711     0.010         3
    12.464     1.712     0.010         3
    14.532     2.349     0.010         3
    14.548     2.357     0.010         3
    14.565     2.366     0.010         3
    14.580     2.374     0.010         3
    14.597     2.383     0.010         3
    14.613     2.391     0.010         3
    14.628     2.399     0.010         3
    14.647     2.408     0.010         3
    14.663     2.416     0.010         3
    14.677     2.424     0.010         3
    14.694     2.432     0.010         3
    14.710     2.441     0.010         3
    14.727     2.449     0.010         3
    14.743     2.457     0.010         3
    14.761     2.466     0.010         3
    14.778     2.475     0.010         3
    14.794     2.483     0.010         3
    14.810     2.492     0.010         3
    14.827     2.501     0.010         3
    14.843     2.510     0.010         3
    14.861     2.518     0.010         3
    14.878     2.527     0.010         3
    14.894     2.536     0.010         3
    14.912     2.544     0.010         3
    14.928     2.553     0.010         3
    14.945     2.562     0.010         3
    14.963     2.571     0.010         3
    14.979     2.579     0.010         3
    14.996     2.588     0.010         3
    12.573    -1.000     0.000         0
    11.768     1.808     0.010         3
    11.786     1.804     0.010         3
    11.803     1.800     0.010         3
    11.822     1.797     0.010         3
    11.840     1.793     0.010         3
    11.855     1.790     0.010         3
    11.876     1.786     0.010         3
    11.893     1.782     0.010         3
    11.911     1.778     0.010         3
    11.929     1.775     0.010         3
    11.944     1.773     0.010         3
    11.962     1.770     0.010         3
    11.980     1.768     0.010         3
    11.997     1.765     0.010         3
    12.016     1.762     0.010         3
    12.033     1.760     0.010         3
    12.051     1.757     0.010         3
    12.067     1.755     0.010         3
    12.085     1.752     0.010         3
    12.102     1.750     0.010         3
    12.120     1.747     0.010         3
    12.137     1.744     0.010         3
    12.154     1.742     0.010         3
    12.171     1.740     0.010         3
    12.188     1.739     0.010         3
    12.206     1.739     0.010         3
    12.223     1.738     0.010         3
    12.240     1.738     0.010         3
    12.258     1.737     0.010         3
    12.275     1.737     0.010         3
    12.292     1.736     0.010         3
    12.310     1.735     0.010         3
    12.326     1.735     0.010         3
    12.343     1.735     0.010         3
    12.359     1.734     0.010         3
    12.375     1.733     0.010         3
    12.392     1.732     0.010         3
    12.407     1.731     0.010         3
    12.421     1.730     0.010         3
    12.435     1.730     0.010         3
    12.450     1.729     0.010         3
    12.462     1.728     0.010         3
    12.474     1.727     0.010         3
    12.484     1.726     0.010         3
    12.493     1.726     0.010         3
    12.498     1.733     0.010         3
    12.501     1.730     0.010         3
    12.573     1.000     0.000         0
    12.649     1.728     0.010         3
    12.657     1.729     0.010         3
    12.666     1.729     0.010         3
    12.676     1.730     0.010         3
    12.688     1.731     0.010         3
    12.701     1.732     0.010         3
    12.715     1.732     0.010         3
    12.731     1.733     0.010         3
    12.746     1.733     0.010         3
    12.761     1.734     0.010         3
    12.777     1.735     0.010         3
    12.794     1.734     0.010         3
    12.810     1.734     0.010         3
    12.826     1.734     0.010         3
    12.842     1.734     0.010         3
    12.857     1.735     0.010         3
    12.875     1.738     0.010         3
    12.889     1.739     0.010         3
    12.905     1.741     0.010         3
    12.921     1.743     0.010         3
    12.938     1.745     0.010         3
    12.955     1.747     0.010         3
    12.972     1.749     0.010         3
    12.989     1.751     0.010         3
    13.006     1.753     0.010         3
    13.022     1.755     0.010         3
    13.038     1.757     0.010         3
    13.054     1.759     0.010         3
    13.071     1.761     0.010         3
    13.088     1.763     0.010         3
    13.104     1.766     0.010         3
    13.120     1.769     0.010         3
    13.137     1.772     0.010         3
    13.153     1.774     0.010         3
    13.169     1.777     0.010         3
    13.186     1.780     0.010         3
    13.202     1.783     0.010         3
    13.219     1.786     0.010         3
    13.235     1.789     0.010         3
    13.252     1.792     0.010         3
    13.269     1.795     0.010         3
    13.285     1.798     0.010         3
    13.302     1.801     0.010         3
    13.317     1.804     0.010         3
    13.334     1.807     0.010         3
    13.350     1.811     0.010         3
    13.366     1.813     0.010         3
    13.382     1.816     0.010         3
    13.398     1.819     0.010         3
    13.414     1.822     0.010         3
    13.430     1.826     0.010         3
    13.445     1.830     0.010         3
    13.461     1.834     0.010         3
    13.477     1.838     0.010         3
    13.493     1.842     0.010         3
    13.509     1.846     0.010         3
    13.525     1.850     0.010         3
    13.542     1.855     0.010         3
    13.113    -1.000     0.000         0
    12.781     1.753     0.010         3
    12.798     1.752     0.010         3
    12.815     1.751     0.010         3
    12.832     1.750     0.010         3
    12.846     1.750     0.010         3
    12.865     1.748     0.010         3
    12.880     1.748     0.010         3
    12.896     1.748     0.010         3
    12.913     1.748     0.010         3
    12.930     1.747     0.010         3
    12.947     1.747     0.010         3
    12.964     1.747     0.010         3
    12.982     1.747     0.010         3
    12.999     1.746     0.010         3
    13.015     1.743     0.010         3
    13.032     1.741     0.010         3
    13.048     1.740     0.010         3
    13.064     1.741     0.010         3
    13.079     1.742     0.010         3
    13.092     1.743     0.010         3
    13.099     1.743     0.010         3
    13.113     1.000     0.000         0
    13.136     1.744     0.010         3
    13.152     1.744     0.010         3
    13.168     1.744     0.010         3
    13.184     1.745     0.010         3
    13.200     1.746     0.010         3
    13.217     1.747     0.010         3
    13.233     1.747     0.010         3
    13.249     1.748     0.010         3
    13.266     1.748     0.010         3
    13.283     1.749     0.010         3
    13.299     1.749     0.010         3
    13.315     1.750     0.010         3
    13.332     1.750     0.010         3
    13.348     1.751     0.010         3
    13.364     1.752     0.010         3
    13.380     1.754     0.010         3
    13.396     1.755     0.010         3
    13.412     1.757     0.010         3
    13.428     1.758     0.010         3
    13.443     1.760     0.010         3
    13.459     1.761     0.010         3
    13.475     1.763     0.010         3
    13.491     1.764     0.010         3
    13.507     1.766     0.010         3
    13.523     1.768     0.010         3
    13.540     1.770     0.010         3
    13.556     1.771     0.010         3
    13.572     1.773     0.010         3
    13.588     1.775     0.010         3
    13.604     1.777     0.010         3
    13.622     1.780     0.010         3
    13.638     1.782     0.010         3
    13.654     1.784     0.010         3
    13.671     1.787     0.010         3
    13.688     1.790     0.010         3
    13.705     1.792     0.010         3
    13.722     1.795     0.010         3
    13.739     1.798     0.010         3
    13.754     1.801     0.010         3
    13.773     1.804     0.010         3
    13.789     1.807     0.010         3
    13.805     1.810     0.010         3
    13.822     1.813     0.010         3
    13.840     1.817     0.010         3
    13.857     1.821     0.010         3
    13.875     1.825     0.010         3
    13.893     1.829     0.010         3
    13.910     1.833     0.010         3
    13.927     1.837     0.010         3
    13.944     1.841     0.010         3
    13.962     1.845     0.010         3
    13.979     1.849     0.010         3
    13.996     1.853     0.010         3
    15.577     2.367     0.010         3
    15.592     2.375     0.010         3
    15.611     2.383     0.010         3
    15.629     2.392     0.010         3
    15.647     2.401     0.010         3
    15.665     2.410     0.010         3
    15.683     2.419     0.010         3
    15.700     2.428     0.010         3
    15.718     2.437     0.010         3
    15.735     2.445     0.010         3
    15.752     2.454     0.010         3
    15.770     2.463     0.010         3
    15.786     2.471     0.010         3
    15.804     2.480     0.010         3
    15.821     2.489     0.010         3
    15.838     2.497     0.010         3
    15.857     2.506     0.010         3
    15.874     2.515     0.010         3
    15.892     2.524     0.010         3
    15.909     2.532     0.010         3
    15.927     2.542     0.010         3
    15.944     2.550     0.010         3
    15.962     2.559     0.010         3
    15.979     2.568     0.010         3
    15.996     2.576     0.010         3
    16.014     2.585     0.010         3
    16.030     2.593     0.010         3
    16.047     2.602     0.010         3
    16.064     2.611     0.010         3
    16.082     2.619     0.010         3
    16.100     2.629     0.010         3
    16.117     2.637     0.010         3
    16.135     2.646     0.010         3
    16.151     2.655     0.010         3
    16.169     2.663     0.010         3
    16.185     2.671     0.010         3
    16.202     2.680     0.010         3
    10.962     1.000     0.000         0
    10.962     3.153     0.020         3
    10.979     1.000     0.000         0
    10.979     3.154     0.020         3
    10.996     1.000     0.000         0
    10.996     3.153     0.020         3
    11.013     1.000     0.000         0
    11.013     3.152     0.020         3
    11.030     1.000     0.000         0
    11.030     3.152     0.020         3
    11.047     1.000     0.000         0
    11.047     3.152     0.020         3
    11.064     1.000     0.000         0
    11.064     3.152     0.020         3
    11.081     1.000     0.000         0
    11.081     3.151     0.020         3
    11.098     1.000     0.000         0
    11.098     3.151     0.020         3
    11.115     1.000     0.000         0
    11.115     3.151     0.020         3
    11.132     1.000     0.000         0
    11.132     3.151     0.020         3
    11.149     1.000     0.000         0
    11.149     3.150     0.020         3
    11.165     1.000     0.000         0
    11.165     3.150     0.020         3
    11.182     1.000     0.000         0
    11.182     3.150     0.020         3
    11.198     1.000     0.000         0
    11.198     3.149     0.020         3
    11.215     1.000     0.000         0
    11.215     3.149     0.020         3
    11.231     1.000     0.000         0
    11.231     3.149     0.020         3
    11.248     1.000     0.000         0
    11.248     3.149     0.020         3
    11.264     1.000     0.000         0
    11.264     3.149     0.020         3
    11.280     1.000     0.000         0
    11.280     3.149     0.020         3
    11.296     1.000     0.000         0
    11.296     3.149     0.020         3
    11.312     1.000     0.000         0
    11.312     3.149     0.020         3
    11.327     1.000     0.000         0
    11.327     3.149     0.020         3
    11.342     1.000     0.000         0
    11.342     3.149     0.020         3
    11.357     1.000     0.000         0
    11.357     3.149     0.020         3
    11.370     1.000     0.000         0
    11.370     3.149     0.020         3
    11.383     1.000     0.000         0
    11.383     3.149     0.020         3
    11.396     1.000     0.000         0
    11.396     3.149     0.020         3
    11.408     1.000     0.000         0
    11.408     3.149     0.020         3
    11.419     1.000     0.000         0
    11.419     3.149     0.020         3
    11.428     1.000     0.000         0
    11.428     3.149     0.020         3
    11.434     1.000     0.000         0
    11.434     3.149     0.020         3
    11.438     1.000     0.000         0
    11.438     3.149     0.020         3
    11.439     1.000     0.000         0
    11.439     3.149     0.020         3
    11.625     1.000     0.000         0
    11.625     3.149     0.020         3
    11.630     1.000     0.000         0
    11.630     3.149     0.020         3
    11.638     1.000     0.000         0
    11.638     3.149     0.020         3
    11.648     1.000     0.000         0
    11.648     3.149     0.020         3
    11.660     1.000     0.000         0
    11.660     3.149     0.020         3
    11.673     1.000     0.000         0
    11.673     3.149     0.020         3
    11.686     1.000     0.000         0
    11.686     3.149     0.020         3
    11.700     1.000     0.000         0
    11.700     3.149     0.020         3
    11.715     1.000     0.000         0
    11.715     3.150     0.020         3
    11.730     1.000     0.000         0
    11.730     3.150     0.020         3
    11.745     1.000     0.000         0
    11.745     3.150     0.020         3
    11.761     1.000     0.000         0
    11.761     3.150     0.020         3
    11.777     1.000     0.000         0
    11.777     3.151     0.020         3
    11.793     1.000     0.000         0
    11.793     3.151     0.020         3
    11.809     1.000     0.000         0
    11.809     3.151     0.020         3
    11.825     1.000     0.000         0
    11.825     3.151     0.020         3
    11.841     1.000     0.000         0
    11.841     3.151     0.020         3
    11.857     1.000     0.000         0
    11.857     3.152     0.020         3
    11.874     1.000     0.000         0
    11.874     3.152     0.020         3
    11.890     1.000     0.000         0
    11.890     3.153     0.020         3
    11.908     1.000     0.000         0
    11.908     3.153     0.020         3
    11.924     1.000     0.000         0
    11.924     3.154     0.020         3
    11.941     1.000     0.000         0
    11.941     3.155     0.020         3
    11.958     1.000     0.000         0
    11.958     3.156     0.020         3
    11.975     1.000     0.000         0
    11.975     3.156     0.020         3
    11.992     1.000     0.000         0
    11.992     3.157     0.020         3
    12.009     1.000     0.000         0
    12.009     3.158     0.020         3
    12.026     1.000     0.000         0
    12.026     3.159     0.020         3
    14.194     1.000     0.000         0
    14.194     3.294     0.010         3
    14.210     1.000     0.000         0
    14.210     3.294     0.010         3
    14.228     1.000     0.000         0
    14.228     3.295     0.010         3
    14.245     1.000     0.000         0
    14.245     3.296     0.010         3
    14.263     1.000     0.000         0
    14.263     3.297     0.010         3
    14.281     1.000     0.000         0
    14.281     3.298     0.010         3
    14.299     1.000     0.000         0
    14.299     3.299     0.010         3
    14.317     1.000     0.000         0
    14.317     3.299     0.010         3
    14.335     1.000     0.000         0
    14.335     3.300     0.010         3
    14.352     1.000     0.000         0
    14.352     3.301     0.010         3
    14.370     1.000     0.000         0
    14.370     3.301     0.010         3
    14.388     1.000     0.000         0
    14.388     3.302     0.010         3
    14.406     1.000     0.000         0
    14.406     3.302     0.010         3
    14.424     1.000     0.000         0
    14.424     3.303     0.010         3
    14.442     1.000     0.000         0
    14.442     3.303     0.010         3
    14.460     1.000     0.000         0
    14.460     3.303     0.010         3
    14.478     1.000     0.000         0
    14.478     3.304     0.010         3
    14.496     1.000     0.000         0
    14.496     3.304     0.010         3
    14.514     1.000     0.000         0
    14.514     3.304     0.010         3
    14.532     1.000     0.000         0
    14.532     3.305     0.010         3
    14.550     1.000     0.000         0
    14.550     3.306     0.010         3
    14.568     1.000     0.000         0
    14.568     3.306     0.010         3
    14.586     1.000     0.000         0
    14.586     3.307     0.010         3
    14.604     1.000     0.000         0
    14.604     3.307     0.010         3
    14.622     1.000     0.000         0
    14.622     3.308     0.010         3
    14.640     1.000     0.000         0
    14.640     3.308     0.010         3
    14.658     1.000     0.000         0
    14.658     3.309     0.010         3
    14.676     1.000     0.000         0
    14.676     3.309     0.010         3
    14.694     1.000     0.000         0
    14.694     3.309     0.010         3
    14.712     1.000     0.000         0
    14.712     3.309     0.010         3
    14.730     1.000     0.000         0
    14.730     3.309     0.010         3
    14.748     1.000     0.000         0
    14.748     3.310     0.010         3
    14.766     1.000     0.000         0
    14.766     3.310     0.010         3
    14.784     1.000     0.000         0
    14.784     3.310     0.010         3
    14.802     1.000     0.000         0
    14.802     3.311     0.010         3
    14.820     1.000     0.000         0
    14.820     3.312     0.010         3
    14.838     1.000     0.000         0
    14.838     3.312     0.010         3
    14.856     1.000     0.000         0
    14.856     3.312     0.010         3
    14.874     1.000     0.000         0
    14.874     3.313     0.010         3
    14.892     1.000     0.000         0
    14.892     3.313     0.010         3
    14.910     1.000     0.000         0
    14.910     3.313     0.010         3
    14.928     1.000     0.000         0
    14.928     3.314     0.010         3
    14.946     1.000     0.000         0
    14.946     3.314     0.010         3
    14.964     1.000     0.000         0
    14.964     3.314     0.010         3
    14.982     1.000     0.000         0
    14.982     3.315     0.010         3
    15.000     1.000     0.000         0
    15.000     3.315     0.010         3
    15.018     1.000     0.000         0
    15.018     3.315     0.010         3
    15.037     1.000     0.000         0
    15.037     3.315     0.010         3
    15.055     1.000     0.000         0
    15.055     3.316     0.010         3
    15.073     1.000     0.000         0
    15.073     3.316     0.010         3
    15.091     1.000     0.000         0
    15.091     3.316     0.010         3
    15.109     1.000     0.000         0
    15.109     3.317     0.010         3
    15.125     1.000     0.000         0
    15.125     3.317     0.010         3
    15.143     1.000     0.000         0
    15.143     3.317     0.010         3
    15.161     1.000     0.000         0
    15.161     3.317     0.010         3
    15.179     1.000     0.000         0
    15.179     3.317     0.010         3
    15.197     1.000     0.000         0
    15.197     3.317     0.010         3
    15.215     1.000     0.000         0
    15.215     3.317     0.010         3
    15.233     1.000     0.000         0
    15.233     3.317     0.010         3
    15.252     1.000     0.000         0
    15.252     3.317     0.010         3
    15.270     1.000     0.000         0
    15.270     3.317     0.010         3
    15.288     1.000     0.000         0
    15.288     3.317     0.010         3
    15.306     1.000     0.000         0
    15.306     3.317     0.010         3
    15.324     1.000     0.000         0
    15.324     3.318     0.010         3
    15.342     1.000     0.000         0
    15.342     3.318     0.010         3
    15.360     1.000     0.000         0
    15.360     3.318     0.010         3
    15.379     1.000     0.000         0
    15.379     3.318     0.010         3
    15.396     1.000     0.000         0
    15.396     3.318     0.010         3
    15.415     1.000     0.000         0
    15.415     3.318     0.010         3
     0.000     0.000     0.000        -1    
