 1   23.000
 0    0.000
          0
 1   23.000
 0    1.480
          0
 1   23.000
 0    1.480
          0
 2    0.000   0.940   1.450   2.440   2.660   6.140   7.270   7.700   8.350   9.570
 1    2.550   2.560   2.570   2.570   2.590   2.580   2.540   2.350   2.180   2.130
          0       0       0       0       0       0       0       0       0       0
 2   10.940  11.910  12.330  16.060  17.930  18.960  20.470  21.210  23.000
 0    2.110   2.120   2.130   2.250   2.400   2.490   2.480   2.440   2.410
          0       0       0       0       0       0       0       0       0
 2   23.000
 0    1.500
          0
 2   23.000
 0    1.520
          0
 3    0.000   0.940   1.450   2.440   2.660   6.140   7.270   7.700   8.350   9.000
 1    2.620   2.630   2.640   2.640   2.660   2.650   2.610   2.420   2.250   2.220
          0       0       0       0       0       0       0       0       0       0
 3   10.000  11.000  12.000  13.000  14.000  15.000  16.000  17.930  18.960  20.470
 1    2.183   2.180   2.195   2.225   2.285   2.295   2.315   2.470   2.560   2.550
          0       0       0       0       0       0       0       0       0       0
 3   21.210  23.000
 0    2.510   2.480
          0       0
 3    0.000   9.000   9.500  10.000  10.500  11.000  11.500  12.000  12.500  13.000
 1    1.800   1.800   1.801   1.803   1.758   1.857   1.772   1.774   1.842   1.960
          0       0       0       0       0       0       0       0       0       0
 3   13.500  14.000  14.500  15.000  15.500  23.000
 0    1.918   1.867   1.865   1.801   1.800   1.800
          0       0       0       0       0       0
 3    0.000   9.000   9.500  10.000  10.500  11.000  11.500  12.000  12.500  13.000
 1    1.800   1.800   1.801   1.803   1.758   1.857   1.772   1.774   1.842   1.960
          0       0       0       0       0       0       0       0       0       0
 3   13.500  14.000  14.500  15.000  15.500  23.000
 0    1.918   1.867   1.865   1.801   1.800   1.800
          0       0       0       0       0       0
 4    0.000   0.940   1.450   2.440   2.660   6.140   7.270   7.700   8.350   9.000
 1    2.687   2.697   2.707   2.707   2.727   2.717   2.677   2.487   2.317   2.285
          0       0       0       0       0       0       0       0       0       0
 4   10.000  11.000  11.500  12.000  13.000  14.000  15.000  16.000  17.930  18.960
 1    2.247   2.251   2.255   2.260   2.295   2.358   2.360   2.382   2.537   2.627
          0       0       0       0       0       0       0       0       0       0
 4   20.470  21.210  23.000
 0    2.617   2.577   2.547
          0       0       0
 4   23.000
 0    1.710
          0
 4   23.000
 0    1.730
          0
 5    0.000   0.940   1.450   2.440   2.660   6.140   7.270   7.700   8.350   9.000
 1    2.737   2.747   2.757   2.757   2.777   2.767   2.727   2.537   2.367   2.330
          0       0       0       0       0       0       0       0       0       0
 5   10.000  11.000  12.000  13.000  14.000  15.000  16.000  17.930  18.960  20.470
 1    2.298   2.302   2.305   2.345   2.413   2.417   2.437   2.587   2.675   2.665
          0       0       0       0       0       0       0       0       0       0
 5   21.210  23.000
 0    2.625   2.595
          0       0
 5   23.000
 0    1.790
          0
 5   23.000
 0    1.801
          0
 6    0.000   0.940   1.450   2.440   2.660   6.140   7.270   7.700   8.350   9.000
 1    2.770   2.780   2.790   2.790   2.810   2.800   2.760   2.570   2.400   2.350
          0       0       0       0       0       0       0       0       0       0
 6   10.000  11.000  12.000  13.000  14.000  16.000  17.930  18.960  20.470  21.210
 1    2.345   2.345   2.342   2.413   2.447   2.472   2.610   2.680   2.670   2.640
          0       0       0       0       0       0       0       0       0       0
 6   23.000
 0    2.610
          0
 6    0.000  10.000  10.500  11.000  11.250  11.500  11.750  12.000  12.250  12.500
 1    1.820   1.997   1.883   1.820   1.832   1.870   1.809   1.800   1.800   1.815
          0       0       0       0       0       0       0       0       0       0
 6   12.750  13.000  13.250  13.500  14.000  18.000  23.000
 0    1.845   1.850   1.984   1.826   1.831   1.820   1.820
          0       0       0       0       0       0       0
 6    0.000  10.000  10.500  11.000  11.250  11.500  11.750  12.000  12.250  12.500
 1    1.860   1.860   1.860   1.840   1.891   1.893   1.832   1.832   1.830   1.843
          0       0       0       0       0       0       0       0       0       0
 6   12.750  13.000  13.250  13.500  14.000  18.000  23.000
 0    1.890   1.901   1.897   1.841   1.835   1.860   1.860
          0       0       0       0       0       0       0
 7    0.000   0.940   1.450   2.440   2.660   6.140   7.270   7.700   8.350   9.000
 1    2.817   2.827   2.837   2.837   2.857   2.848   2.808   2.672   2.505   2.450
          0       0       0       0       0       0       0       0       0       0
 7   10.000  10.500  11.000  11.250  11.500  11.750  12.000  12.250  12.500  12.750
 1    2.455   2.455   2.452   2.450   2.442   2.448   2.434   2.442   2.445   2.469
          0       0       0       0       0       0       0       0       0       0
 7   13.000  13.250  13.500  14.000  16.060  17.930  18.960  20.470  21.210  23.000
 0    2.494   2.522   2.535   2.555   2.570   2.680   2.760   2.750   2.720   2.690
          0       0       0       0       0       0       0       0       0       0
 7   23.000
 0    1.900
          0
 7   23.000
 0    1.910
          0
 8    0.000   0.940   1.450   2.440   2.660   6.140   7.270   7.700   8.350   9.000
 1    2.865   2.875   2.885   2.885   2.905   2.895   2.855   2.774   2.560   2.500
          0       0       0       0       0       0       0       0       0       0
 8    9.500  10.000  10.500  11.000  11.500  12.000  12.500  13.000  13.500  14.000
 1    2.482   2.490   2.500   2.503   2.497   2.490   2.500   2.547   2.590   2.610
          0       0       0       0       0       0       0       0       0       0
 8   16.060  17.930  18.960  20.470  21.210  23.000
 0    2.620   2.706   2.791   2.771   2.720   2.707
          0       0       0       0       0       0
 8   23.000
 0    1.940
          0
 8   23.000
 0    1.950
          0
 9    0.000   0.940   1.450   2.440   2.660   6.140   7.270   7.700   8.350   9.000
 1    2.890   2.900   2.910   2.910   2.930   2.920   2.880   2.840   2.600   2.557
          0       0       0       0       0       0       0       0       0       0
 9    9.500  10.000  10.500  11.000  11.500  12.000  12.500  13.000  13.500  14.000
 1    2.543   2.542   2.551   2.557   2.547   2.540   2.550   2.597   2.640   2.660
          0       0       0       0       0       0       0       0       0       0
 9   16.060  17.930  18.960  20.470  21.210  23.000
 0    2.670   2.756   2.841   2.821   2.775   2.757
          0       0       0       0       0       0
 9    0.000   8.000   9.000  10.000  10.500  11.000  11.250  11.500  12.000  12.500
 1    1.980   1.980   1.980   1.980   1.912   1.956   1.998   1.980   1.980   1.980
          0       0       0       0       0       0       0       0       0       0
 9   13.000  13.500  14.000  15.000  16.000  18.000  23.000
 0    1.980   1.980   1.980   1.980   1.980   1.980   1.980
          0       0       0       0       0       0       0
 9    0.000   8.000   9.000  10.000  10.500  11.000  11.250  11.500  12.000  12.500
 1    2.000   2.000   2.000   2.000   1.912   1.956   1.998   1.980   2.000   2.000
          0       0       0       0       0       0       0       0       0       0
 9   13.000  13.500  14.000  15.000  16.000  18.000  23.000
 0    2.000   2.000   2.000   2.000   2.000   2.000   2.000
          0       0       0       0       0       0       0
10    0.000   0.940   1.450   2.440   2.660   6.140   7.270   7.700   8.350   9.000
 1    2.954   2.963   2.974   2.974   2.994   2.984   2.944   2.895   2.644   2.607
          0       0       0       0       0       0       0       0       0       0
10   10.000  10.500  10.750  11.000  11.250  11.500  11.750  12.000  12.250  12.500
 1    2.595   2.610   2.607   2.595   2.585   2.582   2.581   2.586   2.579   2.580
          0       0       0       0       0       0       0       0       0       0
10   12.750  13.000  13.500  14.000  16.060  17.930  18.960  20.470  21.210  23.000
 0    2.605   2.627   2.667   2.705   2.705   2.791   2.876   2.856   2.810   2.792
          0       0       0       0       0       0       0       0       0       0
10   23.000
 0    2.000
          0
10   23.000
 0    2.020
          0
11    0.000   0.940   1.450   2.440   2.660   6.140   7.270   7.700   8.350   9.000
 1    3.018   3.027   3.038   3.038   3.058   3.047   3.007   2.945   2.695   2.657
          0       0       0       0       0       0       0       0       0       0
11   10.000  11.000  12.000  12.500  13.000  14.000  16.060  17.930  18.960  20.470
 1    2.642   2.648   2.633   2.640   2.677   2.753   2.755   2.841   2.926   2.906
          0       0       0       0       0       0       0       0       0       0
11   21.210  23.000
 0    2.860   2.842
          0       0
11    0.000   8.000   9.000  10.000  11.000  12.000  12.500  13.000  13.500  14.000
 1    2.200   2.200   2.193   2.257   2.143   2.220   2.271   2.331   2.238   2.255
          0       0       0       0       0       0       0       0       0       0
11   15.000  15.500  16.000  17.000  18.000  23.000
 0    2.422   2.301   2.472   2.125   2.200   2.200
          0       0       0       0       0       0
11    0.000   8.000   9.000  10.000  11.000  12.000  13.000  14.000  15.000  16.000
 1    2.250   2.250   2.250   2.250   2.250   2.250   2.250   2.250   2.250   2.250
          0       0       0       0       0       0       0       0       0       0
11   18.000  23.000
 0    2.250   2.250
          0       0
12    0.000   0.940   1.450   2.440   2.660   6.140   7.270   7.700   8.350   9.000
 1    3.082   3.091   3.101   3.101   3.122   3.111   3.071   2.998   2.755   2.717
          0       0       0       0       0       0       0       0       0       0
12   10.000  11.000  12.000  12.500  13.000  14.000  16.060  17.930  18.960  20.470
 1    2.703   2.700   2.693   2.700   2.737   2.813   2.815   2.901   2.986   2.966
          0       0       0       0       0       0       0       0       0       0
12   21.210  23.000
 0    2.920   2.902
          0       0
12   23.000
 0    2.250
          0
12   23.000
 0    2.250
          0
13    0.000   0.940   1.450   2.440   2.660   6.140   7.270   7.700   8.350   9.000
 1    3.145   3.155   3.165   3.165   3.185   3.175   3.135   3.058   2.815   2.773
          0       0       0       0       0       0       0       0       0       0
13   10.000  11.000  12.000  12.500  13.000  14.000  16.060  17.930  18.960  20.470
 1    2.753   2.755   2.753   2.765   2.797   2.873   2.875   2.961   3.046   3.026
          0       0       0       0       0       0       0       0       0       0
13   21.210  23.000
 0    2.980   2.962
          0       0
13   23.000
 0    2.300
          0
13   23.000
 0    2.300
          0
14    0.000   0.940   1.450   2.440   2.660   6.140   7.270   7.700   8.350   9.000
 1    3.205   3.215   3.225   3.225   3.245   3.235   3.195   3.118   2.875   2.833
          0       0       0       0       0       0       0       0       0       0
14   10.000  11.000  12.000  12.500  13.000  14.000  16.060  17.930  18.960  20.470
 1    2.813   2.811   2.813   2.825   2.857   2.933   2.935   3.021   3.106   3.086
          0       0       0       0       0       0       0       0       0       0
14   21.210  23.000
 0    3.040   3.022
          0       0
14    0.000   8.010  11.570  12.570  13.000  18.000  23.000
 0    2.775   2.638   2.612   2.599   2.648   2.701   2.702
          0       0       0       0       0       0       0
14    0.000   8.010  11.570  12.570  13.000  18.000  23.000
 0    3.000   3.000   3.300   3.300   3.200   3.290   3.290
          0       0       0       0       0       0       0
15    0.000   0.940   1.450   2.440   2.660   6.140   7.270   7.700   8.350   9.570
 1    4.600   4.610   4.620   4.620   4.640   4.630   4.590   4.460   4.400   4.390
          0       0       0       0       0       0       0       0       0       0
15   10.940  11.910  12.570  14.000  16.060  17.930  18.960  20.470  21.210  23.000
 0    4.300   4.200   4.140   4.310   4.510   4.490   4.610   4.610   4.570   4.540
          0       0       0       0       0       0       0       0       0       0
15    0.000   7.000   8.010   9.000  10.000  12.570  13.000  14.000  16.000  23.000
 0    3.500   3.500   3.500   3.500   3.500   3.570   3.500   3.700   3.700   3.700
          0       0       0       0       0       0       0       0       0       0
15    0.000   7.000   8.010   9.000  10.000  12.570  13.000  14.000  16.000  23.000
 0    3.950   3.950   3.950   3.950   3.950   4.000   3.950   4.100   4.100   4.100
          0       0       0       0       0       0       0       0       0       0
16    0.000   0.940   1.450   2.440   2.660   6.140   7.270   7.700   8.350   9.570
 1    5.080   5.090   5.100   5.100   5.120   5.110   5.070   4.900   4.770   4.770
          0       0       0       0       0       0       0       0       0       0
16   10.940  11.910  12.570  16.060  17.930  18.960  20.470  21.210  23.000
 0    4.700   4.650   4.640   4.890   4.940   4.990   4.990   4.950   4.920
          0       0       0       0       0       0       0       0       0
16    0.000   8.010  12.570  13.000  14.000  16.000  18.000  23.000
 0    4.220   4.220   4.170   4.220   4.150   4.150   4.150   4.150
          0       0       0       0       0       0       0       0
16    0.000   8.010  12.570  13.000  14.000  16.000  18.000  23.000
 0    4.800   4.800   4.800   4.800   4.800   4.800   4.800   4.800
          0       0       0       0       0       0       0       1
17    0.000  13.000  23.000
 0    5.300   5.300   5.300
