 1    0.00   1.00   2.00   3.00   4.00   5.00   6.00   7.00   8.00   9.00
 1    0.25   0.45   0.50   0.45   0.25   0.10   0.20   0.00   0.15   0.15
         0      0      0      0      0      0      0      0      0      0
 1   10.00
 0    0.35
         0
 1   10.00
 0    1.00
         0
 1   10.00
 0    0.00
         0
 2    0.00   1.00   2.00   3.00   4.00   5.00   6.00   7.00   8.00   9.00
 1    0.26   0.46   0.51   0.46   0.26   0.11   0.21   0.01   0.16   0.16
         0      0      0      0      0      0      0      0      0      0
 2   10.00
 0    0.36
         0
 2    0.00   1.00   2.00   3.00   4.00   5.00   6.00   7.00   8.00   9.00
 1    1.78   1.85   1.89   1.98   2.03   2.03   2.11   2.21   2.27   2.31
         1      1      1      1      1      1      1      1      1      1
 2   10.00
 0    2.26
         1
 2   10.00
 0    0.00
         0
 3    0.00   1.00   2.00   3.00   4.00   5.00   6.00   7.00   8.00   9.00
 1    0.67   0.60   0.70   0.66   0.62   0.58   0.60   0.48   0.59   0.59
         1      1      1      1      1      1      1      1      1      1
 3   10.00
 0    0.74
         1
 3    0.00   1.00   2.00   3.00   4.00   5.00   6.00   7.00   8.00   9.00
 1    2.81   3.00   3.23   3.03   2.84   2.76   2.52   2.59   2.80   2.90
         1      1      1      1      1      1      1      1      1      1
 3   10.00
 0    2.75
         1
 3   10.00
 0    0.00
         0
 4   10.00
 0    1.00